1777659899147 0.00026000000000000003 0
1777659914805 0.0005346540000000001 1
1777659919886 0.000803764 2
1777659924962 0.00106733 3
1777659930047 0.001325352 4
1777659935107 0.0015778300000000001 5
1777659939977 0.001824764 6
1777659945305 0.0018614 7
1777659950400 0.0018416 8
1777659955398 0.0018218000000000002 9
1777659960299 0.001802 10
1777659965205 0.0017822 11
1777659970354 0.0017624 12
1777659975496 0.0017426 13
1777659980364 0.0017228 14
1777659985245 0.001703 15
1777659990325 0.0016832000000000001 16
1777659995204 0.0016634 17
1777660000285 0.0016436000000000003 18
1777660005382 0.0016238000000000001 19
1777660010466 0.0016040000000000002 20
1777660015676 0.0015842 21
1777660020611 0.0015644 22
1777660025760 0.0015446 23
1777660030900 0.0015248 24
1777660035898 0.0015049999999999998 25
1777660040934 0.0014852 26
1777660045878 0.0014654000000000002 27
1777660051034 0.0014456 28
1777660056378 0.0014258 29
1777660061477 0.001406 30
1777660066408 0.0013862 31
1777660071521 0.0013663999999999998 32
1777660076536 0.0013465999999999999 33
1777660081397 0.0013267999999999997 34
1777660086491 0.001307 35
1777660091489 0.0012872 36
1777660096578 0.0012674000000000001 37
1777660101490 0.0012476 38
1777660106387 0.0012278 39
1777660111506 0.001208 40
1777660116463 0.0011882000000000002 41
1777660121392 0.0011684000000000002 42
1777660126514 0.0011486 43
1777660131419 0.0011288000000000001 44
1777660136526 0.001109 45
1777660141465 0.0010892000000000002 46
1777660146658 0.0010694 47
1777660151608 0.0010496000000000001 48
1777660156540 0.0010298 49
1777660161479 0.00101 50
1777660166592 0.0009901999999999999 51
1777660171516 0.0009704 52
1777660176467 0.0009506 53
1777660181484 0.0009308 54
1777660186376 0.0009109999999999999 55
1777660191498 0.0008911999999999999 56
1777660196657 0.0008714 57
1777660201603 0.0008516000000000001 58
1777660206736 0.0008318000000000002 59
1777660211660 0.0008120000000000001 60
1777660216598 0.0007922000000000001 61
1777660221513 0.0007724 62
1777660226707 0.0007526000000000001 63
1777660231639 0.0007328 64
1777660236583 0.000713 65
1777660241477 0.0006931999999999999 66
1777660246414 0.0006733999999999999 67
1777660251740 0.0006536 68
1777660256689 0.0006338000000000001 69
1777660261646 0.0006140000000000001 70
1777660266547 0.0005942 71
1777660271440 0.0005744000000000001 72
1777660276511 0.0005546000000000001 73
1777660281399 0.0005348000000000001 74
1777660286302 0.000515 75
1777660291467 0.0004952 76
1777660296423 0.0004754 77
1777660301381 0.00045559999999999996 78
1777660306687 0.00043579999999999997 79
1777660311612 0.0004159999999999999 80
1777660316526 0.00039619999999999987 81
1777660321437 0.00037640000000000015 82
1777660326396 0.0003566000000000001 83
1777660331525 0.0003368000000000001 84
1777660336468 0.00031700000000000006 85
1777660341452 0.0002972 86
1777660346355 0.0002774 87
1777660351286 0.00025760000000000003 88
1777660356251 0.00023779999999999995 89
1777660369073 0.00021799999999999996 90
1777660374025 0.00019819999999999994 91
1777660378927 0.00017839999999999992 92
1777660383846 0.00015859999999999987 93
