1777420750939 0.00026000000000000003 0
1777420766788 0.0005346540000000001 1
1777420772038 0.000803764 2
1777420777335 0.00106733 3
1777420782606 0.001325352 4
1777420787846 0.0015778300000000001 5
1777420793073 0.001824764 6
1777420798477 0.0018614 7
1777420803771 0.0018416 8
1777420809103 0.0018218000000000002 9
1777420814366 0.001802 10
1777420819545 0.0017822 11
1777420824856 0.0017624 12
1777420830165 0.0017426 13
1777420835456 0.0017228 14
1777420840514 0.001703 15
1777420845615 0.0016832000000000001 16
1777420850664 0.0016634 17
1777420855870 0.0016436000000000003 18
1777420860936 0.0016238000000000001 19
1777420865974 0.0016040000000000002 20
1777420871038 0.0015842 21
1777420876145 0.0015644 22
1777420881253 0.0015446 23
1777420886552 0.0015248 24
1777420891638 0.0015049999999999998 25
1777420896702 0.0014852 26
1777420901972 0.0014654000000000002 27
1777420907284 0.0014456 28
1777420912484 0.0014258 29
1777420917651 0.001406 30
1777420922689 0.0013862 31
1777420927725 0.0013663999999999998 32
1777420932793 0.0013465999999999999 33
1777420938053 0.0013267999999999997 34
1777420943130 0.001307 35
1777420948228 0.0012872 36
1777420953271 0.0012674000000000001 37
1777420958395 0.0012476 38
1777420963428 0.0012278 39
1777420968803 0.001208 40
1777420973872 0.0011882000000000002 41
1777420978943 0.0011684000000000002 42
1777420984152 0.0011486 43
1777420989208 0.0011288000000000001 44
1777420994453 0.001109 45
1777420999618 0.0010892000000000002 46
1777421004724 0.0010694 47
1777421009864 0.0010496000000000001 48
1777421014953 0.0010298 49
1777421020067 0.00101 50
1777421025341 0.0009901999999999999 51
1777421030371 0.0009704 52
1777421035412 0.0009506 53
1777421040407 0.0009308 54
1777421045441 0.0009109999999999999 55
1777421050787 0.0008911999999999999 56
1777421056015 0.0008714 57
1777421061074 0.0008516000000000001 58
1777421066064 0.0008318000000000002 59
1777421071175 0.0008120000000000001 60
1777421076246 0.0007922000000000001 61
1777421081809 0.0007724 62
1777421086956 0.0007526000000000001 63
1777421092002 0.0007328 64
1777421097137 0.000713 65
1777421102159 0.0006931999999999999 66
1777421107487 0.0006733999999999999 67
1777421112727 0.0006536 68
1777421117831 0.0006338000000000001 69
1777421122918 0.0006140000000000001 70
1777421128028 0.0005942 71
1777421133109 0.0005744000000000001 72
1777421138340 0.0005546000000000001 73
1777421143398 0.0005348000000000001 74
1777421148745 0.000515 75
1777421153848 0.0004952 76
1777421158917 0.0004754 77
1777421164049 0.00045559999999999996 78
1777421169327 0.00043579999999999997 79
1777421174382 0.0004159999999999999 80
1777421179499 0.00039619999999999987 81
1777421184593 0.00037640000000000015 82
1777421189720 0.0003566000000000001 83
1777421195177 0.0003368000000000001 84
1777421200284 0.00031700000000000006 85
1777421205417 0.0002972 86
1777421210509 0.0002774 87
1777421215707 0.00025760000000000003 88
1777421220856 0.00023779999999999995 89
1777421233974 0.00021799999999999996 90
1777421239098 0.00019819999999999994 91
1777421244077 0.00017839999999999992 92
1777421249205 0.00015859999999999987 93
1777421254261 0.0001388000000000001 94
1777421259563 0.0001190000000000001 95
1777421264582 9.920000000000008e-05 96
1777421269569 7.940000000000006e-05 97
1777421274569 5.9600000000000046e-05 98
1777421279692 3.980000000000002e-05 99
