1776972838211 1.61724 0
1776972849186 1.39544 1
1776972854449 1.50965 2
1776972859651 1.56548 3
1776972864838 1.71447 4
1776972870038 1.65759 5
1776972875371 1.64977 6
1776972880519 1.60123 7
1776972885712 1.68156 8
1776972890852 1.62528 9
1776972896041 1.64173 10
1776972901189 1.64513 11
1776972906479 1.59938 12
1776972911621 1.62931 13
1776972916745 1.63304 14
1776972921962 1.64893 15
1776972927101 1.6657 16
1776972932397 1.65425 17
1776972937520 1.63837 18
1776972942660 1.6206 19
1776972947795 1.56867 20
1776972952939 1.55222 21
1776972958060 1.60521 22
1776972963356 1.61599 23
1776972968557 1.586 24
1776972973705 1.62688 25
1776972978833 1.52229 26
1776972984126 1.54376 27
1776972989230 1.55724 28
1776972994348 1.47548 29
1776972999444 1.54185 30
1776973004560 1.54532 31
1776973009789 1.51886 32
1776973014909 1.48429 33
1776973020012 1.53567 34
1776973025156 1.46301 35
1776973030279 1.49626 36
1776973035434 1.50802 37
1776973040791 1.52128 38
1776973045940 1.45992 39
1776973051065 1.53001 40
1776973056216 1.48394 41
1776973061429 1.44631 42
1776973066577 1.40222 43
1776973071705 1.45213 44
1776973076864 1.43709 45
1776973081996 1.43019 46
1776973087301 1.38904 47
1776973092500 1.4298 48
1776973097654 1.41804 49
1776973102785 1.42782 50
1776973107934 1.43751 51
1776973113074 1.44242 52
1776973118396 1.44438 53
1776973123530 1.388 54
1776973128683 1.37591 55
1776973133828 1.36433 56
1776973139137 1.38264 57
1776973144274 1.40568 58
1776973149497 1.41112 59
1776973154638 1.34561 60
1776973159864 1.38635 61
1776973165001 1.35915 62
1776973170317 1.32987 63
1776973175463 1.32895 64
1776973180626 1.33984 65
1776973185762 1.39024 66
1776973190918 1.28326 67
1776973196277 1.34215 68
1776973201434 1.34667 69
1776973206578 1.31194 70
1776973211805 1.34584 71
1776973216950 1.32049 72
1776973222263 1.29942 73
1776973227409 1.31998 74
1776973232635 1.31455 75
1776973237787 1.25961 76
1776973243016 1.30058 77
1776973248315 1.23934 78
1776973253546 1.31177 79
1776973258694 1.25131 80
1776973263854 1.29509 81
1776973269062 1.307 82
1776973274390 1.26445 83
1776973279542 1.2662 84
1776973284711 1.28744 85
1776973289853 1.21739 86
1776973295171 1.25105 87
1776973300318 1.28232 88
1776973305474 1.24721 89
1776973315270 1.28658 90
1776973320484 1.28241 91
1776973325630 1.24698 92
1776973330968 1.23499 93
1776973336118 1.21845 94
1776973341292 1.19808 95
1776973346445 1.27175 96
