1776972838211 7.25557 0
1776972849186 5.56955 1
1776972854449 4.56064 2
1776972859651 3.81472 3
1776972864838 3.22151 4
1776972870038 2.97662 5
1776972875371 2.69054 6
1776972880519 2.554 7
1776972885712 2.44779 8
1776972890852 2.44439 9
1776972896041 2.31656 10
1776972901189 2.27116 11
1776972906479 2.21508 12
1776972911621 2.15863 13
1776972916745 2.15269 14
1776972921962 2.03664 15
1776972927101 2.07584 16
1776972932397 1.98462 17
1776972937520 2.03948 18
1776972942660 2.00452 19
1776972947795 1.94231 20
1776972952939 1.90616 21
1776972958060 1.90059 22
1776972963356 1.93159 23
1776972968557 1.80853 24
1776972973705 1.87707 25
1776972978833 1.85171 26
1776972984126 1.80289 27
1776972989230 1.83175 28
1776972994348 1.74254 29
1776972999444 1.8139 30
1776973004560 1.83215 31
1776973009789 1.73556 32
1776973014909 1.73267 33
1776973020012 1.72096 34
1776973025156 1.71128 35
1776973030279 1.78611 36
1776973035434 1.61746 37
1776973040791 1.62415 38
1776973045940 1.59571 39
1776973051065 1.61607 40
1776973056216 1.61464 41
1776973061429 1.58832 42
1776973066577 1.50066 43
1776973071705 1.62244 44
1776973076864 1.5472 45
1776973081996 1.56011 46
1776973087301 1.43563 47
1776973092500 1.56108 48
1776973097654 1.5099 49
1776973102785 1.48055 50
1776973107934 1.60232 51
1776973113074 1.57989 52
1776973118396 1.46208 53
1776973123530 1.44607 54
1776973128683 1.39848 55
1776973133828 1.40962 56
1776973139137 1.40967 57
1776973144274 1.3862 58
1776973149497 1.38053 59
1776973154638 1.40031 60
1776973159864 1.38063 61
1776973165001 1.37831 62
1776973170317 1.35952 63
1776973175463 1.34138 64
1776973180626 1.36031 65
1776973185762 1.39233 66
1776973190918 1.3325 67
1776973196277 1.30549 68
1776973201434 1.33305 69
1776973206578 1.26984 70
1776973211805 1.27576 71
1776973216950 1.31606 72
1776973222263 1.26208 73
1776973227409 1.28601 74
1776973232635 1.20286 75
1776973237787 1.2226 76
1776973243016 1.25001 77
1776973248315 1.21626 78
1776973253546 1.21343 79
1776973258694 1.19504 80
1776973263854 1.1359 81
1776973269062 1.19362 82
1776973274390 1.16683 83
1776973279542 1.12151 84
1776973284711 1.15632 85
1776973289853 1.15932 86
1776973295171 1.08182 87
1776973300318 1.13474 88
1776973305474 1.10043 89
1776973315270 1.07587 90
1776973320484 1.07278 91
1776973325630 1.00201 92
1776973330968 0.85965 93
1776973336118 0.93522 94
1776973341292 1.00131 95
1776973346445 0.93858 96
