1776972838211 0.02637 0
1776972849186 0.02165 1
1776972854449 0.0232 2
1776972859651 0.02373 3
1776972864838 0.0281 4
1776972870038 0.0272 5
1776972875371 0.02675 6
1776972880519 0.02675 7
1776972885712 0.02709 8
1776972890852 0.02598 9
1776972896041 0.02758 10
1776972901189 0.02735 11
1776972906479 0.02679 12
1776972911621 0.02566 13
1776972916745 0.02697 14
1776972921962 0.0267 15
1776972927101 0.02659 16
1776972932397 0.02708 17
1776972937520 0.02645 18
1776972942660 0.02603 19
1776972947795 0.02513 20
1776972952939 0.02424 21
1776972958060 0.02548 22
1776972963356 0.02666 23
1776972968557 0.02533 24
1776972973705 0.02634 25
1776972978833 0.02453 26
1776972984126 0.0241 27
1776972989230 0.0253 28
1776972994348 0.02224 29
1776972999444 0.02518 30
1776973004560 0.02477 31
1776973009789 0.0236 32
1776973014909 0.02399 33
1776973020012 0.025 34
1776973025156 0.02227 35
1776973030279 0.02502 36
1776973035434 0.02351 37
1776973040791 0.02346 38
1776973045940 0.02326 39
1776973051065 0.02455 40
1776973056216 0.02324 41
1776973061429 0.02167 42
1776973066577 0.0221 43
1776973071705 0.02224 44
1776973076864 0.02344 45
1776973081996 0.02268 46
1776973087301 0.02198 47
1776973092500 0.02147 48
1776973097654 0.02174 49
1776973102785 0.02202 50
1776973107934 0.02163 51
1776973113074 0.02263 52
1776973118396 0.02303 53
1776973123530 0.02142 54
1776973128683 0.0212 55
1776973133828 0.02098 56
1776973139137 0.02096 57
1776973144274 0.02081 58
1776973149497 0.02161 59
1776973154638 0.02137 60
1776973159864 0.02114 61
1776973165001 0.02041 62
1776973170317 0.01978 63
1776973175463 0.02003 64
1776973180626 0.02046 65
1776973185762 0.02107 66
1776973190918 0.01982 67
1776973196277 0.02089 68
1776973201434 0.02098 69
1776973206578 0.02007 70
1776973211805 0.02057 71
1776973216950 0.02041 72
1776973222263 0.01973 73
1776973227409 0.01992 74
1776973232635 0.02017 75
1776973237787 0.01912 76
1776973243016 0.01935 77
1776973248315 0.01861 78
1776973253546 0.01901 79
1776973258694 0.01859 80
1776973263854 0.01985 81
1776973269062 0.01887 82
1776973274390 0.01906 83
1776973279542 0.01859 84
1776973284711 0.01942 85
1776973289853 0.01849 86
1776973295171 0.01907 87
1776973300318 0.01893 88
1776973305474 0.01925 89
1776973315270 0.02558 90
1776973320484 0.02631 91
1776973325630 0.02269 92
1776973330968 0.0229 93
1776973336118 0.02269 94
1776973341292 0.02229 95
1776973346445 0.02362 96
