1776972844242 0.0 0
1776972849884 0.0 1
1776972855069 0.0 2
1776972860274 0.0 3
1776972865456 0.0 4
1776972870661 0.002 5
1776972875932 0.00175 6
1776972881148 0.01577 7
1776972886266 0.0015 8
1776972891480 0.02524 9
1776972896602 0.01067 10
1776972901916 0.0119 11
1776972907040 0.02043 12
1776972912182 0.01146 13
1776972917376 0.07285 14
1776972922543 0.05482 15
1776972927667 0.05604 16
1776972932964 0.06442 17
1776972938084 0.03991 18
1776972943231 0.0541 19
1776972948358 0.04545 20
1776972953501 0.04292 21
1776972958773 0.03921 22
1776972963993 0.08466 23
1776972969124 0.06192 24
1776972974274 0.04018 25
1776972979469 0.1266 26
1776972984688 0.0502 27
1776972989800 0.09593 28
1776972994919 0.10022 29
1776973000007 0.06548 30
1776973005117 0.04628 31
1776973010364 0.09781 32
1776973015481 0.12363 33
1776973020581 0.11362 34
1776973025726 0.09543 35
1776973030859 0.1068 36
1776973036237 0.15792 37
1776973041361 0.07275 38
1776973046510 0.06166 39
1776973051643 0.1538 40
1776973056785 0.09293 41
1776973062002 0.11984 42
1776973067151 0.14906 43
1776973072286 0.13706 44
1776973077444 0.15158 45
1776973082727 0.1351 46
1776973087946 0.18988 47
1776973093077 0.08622 48
1776973098229 0.13259 49
1776973103357 0.10483 50
1776973108509 0.11566 51
1776973113815 0.1243 52
1776973118976 0.1459 53
1776973124105 0.10715 54
1776973129267 0.18971 55
1776973134408 0.15114 56
1776973139715 0.15349 57
1776973144915 0.1901 58
1776973150080 0.17931 59
1776973155280 0.20624 60
1776973160440 0.15381 61
1776973165737 0.14452 62
1776973170901 0.18072 63
1776973176045 0.18179 64
1776973181203 0.17219 65
1776973186341 0.16922 66
1776973191722 0.21124 67
1776973196857 0.20753 68
1776973202017 0.18939 69
1776973207225 0.21906 70
1776973212392 0.21764 71
1776973217685 0.19456 72
1776973222847 0.21404 73
1776973228057 0.22989 74
1776973233227 0.21725 75
1776973238433 0.24224 76
1776973243756 0.24205 77
1776973248963 0.2596 78
1776973254137 0.25054 79
1776973259277 0.25616 80
1776973264504 0.27692 81
1776973269805 0.25268 82
1776973274982 0.24813 83
1776973280131 0.23776 84
1776973285300 0.25066 85
1776973290595 0.25167 86
1776973295756 0.24703 87
1776973300901 0.23698 88
1776973306057 0.21798 89
1776973315871 0.22744 90
1776973321067 0.2544 91
1776973326214 0.24083 92
1776973331555 0.25532 93
1776973336709 0.27421 94
1776973341881 0.2741 95
1776973347034 0.24293 96
1776973349579 0.27705372234149594 96
