1776972844242 0.0 0
1776972849884 0.0 1
1776972855069 0.0 2
1776972860274 0.0 3
1776972865456 0.0 4
1776972870661 0.005 5
1776972875932 0.0025 6
1776972881148 0.04517 7
1776972886266 0.005 8
1776972891480 0.05 9
1776972896602 0.02333 10
1776972901916 0.023 11
1776972907040 0.051 12
1776972912182 0.02167 13
1776972917376 0.16554 14
1776972922543 0.095 15
1776972927667 0.11668 16
1776972932964 0.12123 17
1776972938084 0.07598 18
1776972943231 0.10636 19
1776972948358 0.085 20
1776972953501 0.08438 21
1776972958773 0.055 22
1776972963993 0.17516 23
1776972969124 0.115 24
1776972974274 0.06115 25
1776972979469 0.27952 26
1776972984688 0.09444 27
1776972989800 0.1948 28
1776972994919 0.19338 29
1776973000007 0.12779 30
1776973005117 0.085 31
1776973010364 0.2309 32
1776973015481 0.25396 33
1776973020581 0.2064 34
1776973025726 0.18845 35
1776973030859 0.20267 36
1776973036237 0.3052 37
1776973041361 0.1321 38
1776973046510 0.15018 39
1776973051643 0.29707 40
1776973056785 0.19859 41
1776973062002 0.22914 42
1776973067151 0.24989 43
1776973072286 0.29877 44
1776973077444 0.27481 45
1776973082727 0.27347 46
1776973087946 0.4263 47
1776973093077 0.17939 48
1776973098229 0.27035 49
1776973103357 0.21474 50
1776973108509 0.22764 51
1776973113815 0.20336 52
1776973118976 0.24597 53
1776973124105 0.176 54
1776973129267 0.376 55
1776973134408 0.30089 56
1776973139715 0.33125 57
1776973144915 0.35997 58
1776973150080 0.31277 59
1776973155280 0.35501 60
1776973160440 0.26691 61
1776973165737 0.29149 62
1776973170901 0.32677 63
1776973176045 0.35391 64
1776973181203 0.29865 65
1776973186341 0.32663 66
1776973191722 0.37874 67
1776973196857 0.39524 68
1776973202017 0.40035 69
1776973207225 0.40455 70
1776973212392 0.42625 71
1776973217685 0.35476 72
1776973222847 0.39121 73
1776973228057 0.42364 74
1776973233227 0.39861 75
1776973238433 0.4631 76
1776973243756 0.44339 77
1776973248963 0.47218 78
1776973254137 0.45897 79
1776973259277 0.43484 80
1776973264504 0.50849 81
1776973269805 0.46148 82
1776973274982 0.44984 83
1776973280131 0.44241 84
1776973285300 0.47677 85
1776973290595 0.43796 86
1776973295756 0.44682 87
1776973300901 0.42443 88
1776973306057 0.40159 89
1776973315871 0.42693 90
1776973321067 0.4465 91
1776973326214 0.42308 92
1776973331555 0.4444 93
1776973336709 0.49275 94
1776973341881 0.50928 95
1776973347034 0.45668 96
1776973349579 0.5085313724298256 96
