1776972844242 0.0 0
1776972849884 0.0 1
1776972855069 0.0 2
1776972860274 0.0 3
1776972865456 0.0 4
1776972870661 0.5 5
1776972875932 0.33333 6
1776972881148 0.52941 7
1776972886266 1.0 8
1776972891480 0.66667 9
1776972896602 0.83333 10
1776972901916 0.8 11
1776972907040 0.81818 12
1776972912182 0.83333 13
1776972917376 0.91429 14
1776972922543 1.0 15
1776972927667 0.84615 16
1776972932964 0.83333 17
1776972938084 0.84211 18
1776972943231 0.86957 19
1776972948358 0.94118 20
1776972953501 0.88889 21
1776972958773 1.0 22
1776972963993 0.89474 23
1776972969124 1.0 24
1776972974274 0.92308 25
1776972979469 0.76712 26
1776972984688 0.94444 27
1776972989800 0.88095 28
1776972994919 0.9 29
1776973000007 0.8 30
1776973005117 1.0 31
1776973010364 0.7 32
1776973015481 0.79365 33
1776973020581 0.82979 34
1776973025726 0.83721 35
1776973030859 0.84444 36
1776973036237 0.71264 37
1776973041361 0.88889 38
1776973046510 0.9 39
1776973051643 0.82609 40
1776973056785 0.925 41
1776973062002 0.84615 42
1776973067151 0.75758 43
1776973072286 0.77778 44
1776973077444 0.81538 45
1776973082727 0.86441 46
1776973087946 0.86316 47
1776973093077 0.87179 48
1776973098229 0.83607 49
1776973103357 0.97436 50
1776973108509 0.84314 51
1776973113815 0.94737 52
1776973118976 0.85714 53
1776973124105 0.85366 54
1776973129267 0.8875 55
1776973134408 0.875 56
1776973139715 0.85915 57
1776973144915 0.85542 58
1776973150080 0.90625 59
1776973155280 0.8375 60
1776973160440 0.85484 61
1776973165737 0.81944 62
1776973170901 0.79268 63
1776973176045 0.79775 64
1776973181203 0.84848 65
1776973186341 0.86486 66
1776973191722 0.86905 67
1776973196857 0.90244 68
1776973202017 0.88372 69
1776973207225 0.85714 70
1776973212392 0.84 71
1776973217685 0.88312 72
1776973222847 0.87209 73
1776973228057 0.81553 74
1776973233227 0.8125 75
1776973238433 0.87379 76
1776973243756 0.86139 77
1776973248963 0.85047 78
1776973254137 0.85577 79
1776973259277 0.86458 80
1776973264504 0.85088 81
1776973269805 0.85437 82
1776973274982 0.89474 83
1776973280131 0.83333 84
1776973285300 0.85185 85
1776973290595 0.89247 86
1776973295756 0.83495 87
1776973300901 0.82353 88
1776973306057 0.84783 89
1776973315871 0.86458 90
1776973321067 0.90217 91
1776973326214 0.85417 92
1776973331555 0.82075 93
1776973336709 0.87273 94
1776973341881 0.84746 95
1776973347034 0.82727 96
1776973349579 0.8508771929824561 96
