1776972844242 0.0 0
1776972849884 0.0 1
1776972855069 0.0 2
1776972860274 0.0 3
1776972865456 0.0 4
1776972870661 0.00559 5
1776972875932 0.00559 6
1776972881148 0.05028 7
1776972886266 0.00559 8
1776972891480 0.05587 9
1776972896602 0.02793 10
1776972901916 0.02235 11
1776972907040 0.05028 12
1776972912182 0.02793 13
1776972917376 0.17877 14
1776972922543 0.09497 15
1776972927667 0.12291 16
1776972932964 0.13966 17
1776972938084 0.08939 18
1776972943231 0.11173 19
1776972948358 0.08939 20
1776972953501 0.08939 21
1776972958773 0.05028 22
1776972963993 0.18994 23
1776972969124 0.11732 24
1776972974274 0.06704 25
1776972979469 0.31285 26
1776972984688 0.09497 27
1776972989800 0.2067 28
1776972994919 0.20112 29
1776973000007 0.13408 30
1776973005117 0.0838 31
1776973010364 0.27374 32
1776973015481 0.27933 33
1776973020581 0.21788 34
1776973025726 0.20112 35
1776973030859 0.21229 36
1776973036237 0.34637 37
1776973041361 0.13408 38
1776973046510 0.15084 39
1776973051643 0.31844 40
1776973056785 0.2067 41
1776973062002 0.24581 42
1776973067151 0.27933 43
1776973072286 0.35196 44
1776973077444 0.29609 45
1776973082727 0.28492 46
1776973087946 0.4581 47
1776973093077 0.18994 48
1776973098229 0.28492 49
1776973103357 0.21229 50
1776973108509 0.24022 51
1776973113815 0.20112 52
1776973118976 0.26816 53
1776973124105 0.19553 54
1776973129267 0.39665 55
1776973134408 0.31285 56
1776973139715 0.34078 57
1776973144915 0.39665 58
1776973150080 0.32402 59
1776973155280 0.3743 60
1776973160440 0.29609 61
1776973165737 0.32961 62
1776973170901 0.36313 63
1776973176045 0.39665 64
1776973181203 0.31285 65
1776973186341 0.35754 66
1776973191722 0.40782 67
1776973196857 0.41341 68
1776973202017 0.42458 69
1776973207225 0.43575 70
1776973212392 0.46927 71
1776973217685 0.37989 72
1776973222847 0.41899 73
1776973228057 0.46927 74
1776973233227 0.43575 75
1776973238433 0.50279 76
1776973243756 0.48603 77
1776973248963 0.50838 78
1776973254137 0.49721 79
1776973259277 0.46369 80
1776973264504 0.5419 81
1776973269805 0.49162 82
1776973274982 0.47486 83
1776973280131 0.47486 84
1776973285300 0.51397 85
1776973290595 0.46369 86
1776973295756 0.48045 87
1776973300901 0.46927 88
1776973306057 0.43575 89
1776973315871 0.46369 90
1776973321067 0.46369 91
1776973326214 0.4581 92
1776973331555 0.48603 93
1776973336709 0.53631 94
1776973341881 0.55866 95
1776973347034 0.50838 96
1776973349579 0.5418994413407822 96
