1776982677910 1.61724 0
1776982683553 1.40736 1
1776982688710 1.55072 2
1776982693889 1.64078 3
1776982699051 1.71861 4
1776982704331 1.67593 5
1776982709502 1.64883 6
1776982714826 1.66432 7
1776982719985 1.65285 8
1776982725167 1.58976 9
1776982730257 1.61741 10
1776982735353 1.60077 11
1776982740587 1.60036 12
1776982745681 1.61179 13
1776982750795 1.58032 14
1776982756005 1.58402 15
1776982761113 1.61119 16
1776982766233 1.5823 17
1776982771550 1.61399 18
1776982776673 1.64433 19
1776982781783 1.5495 20
1776982786911 1.60512 21
1776982792017 1.5967 22
1776982797366 1.64147 23
1776982802542 1.58194 24
1776982807671 1.62067 25
1776982812772 1.57062 26
1776982817908 1.60081 27
1776982823173 1.56267 28
1776982828305 1.49009 29
1776982833468 1.55095 30
1776982838602 1.57912 31
1776982843709 1.58017 32
1776982849005 1.52456 33
1776982854193 1.54371 34
1776982859328 1.52783 35
1776982864445 1.5378 36
1776982869588 1.51681 37
1776982874858 1.54408 38
1776982879998 1.47846 39
1776982885114 1.5211 40
1776982890258 1.51178 41
1776982895367 1.49579 42
1776982900657 1.46133 43
1776982905842 1.50168 44
1776982911053 1.45526 45
1776982916181 1.48977 46
1776982921327 1.47126 47
1776982926612 1.46863 48
1776982931755 1.50836 49
1776982936879 1.54082 50
1776982942016 1.51676 51
1776982947137 1.46201 52
1776982952496 1.48293 53
1776982957624 1.41721 54
1776982962780 1.46604 55
1776982967907 1.47526 56
1776982973048 1.45181 57
1776982978170 1.45951 58
1776982983459 1.45529 59
1776982988582 1.46586 60
1776982993726 1.43979 61
1776982998847 1.47708 62
1776983003987 1.42024 63
1776983009270 1.40295 64
1776983014418 1.40904 65
1776983019543 1.49349 66
1776983024685 1.43253 67
