1776982677910 7.25557 0
1776982683553 5.57578 1
1776982688710 4.55294 2
1776982693889 3.84236 3
1776982699051 3.21694 4
1776982704331 2.92278 5
1776982709502 2.71368 6
1776982714826 2.58464 7
1776982719985 2.51962 8
1776982725167 2.49103 9
1776982730257 2.34877 10
1776982735353 2.30798 11
1776982740587 2.21894 12
1776982745681 2.24609 13
1776982750795 2.16205 14
1776982756005 2.13249 15
1776982761113 2.20298 16
1776982766233 2.03496 17
1776982771550 2.09682 18
1776982776673 2.11519 19
1776982781783 2.05936 20
1776982786911 1.93658 21
1776982792017 1.93121 22
1776982797366 1.95179 23
1776982802542 1.90427 24
1776982807671 1.93746 25
1776982812772 1.90756 26
1776982817908 1.86717 27
1776982823173 1.90492 28
1776982828305 1.77777 29
1776982833468 1.8615 30
1776982838602 1.82419 31
1776982843709 1.82687 32
1776982849005 1.78322 33
1776982854193 1.85743 34
1776982859328 1.76566 35
1776982864445 1.88808 36
1776982869588 1.7752 37
1776982874858 1.76874 38
1776982879998 1.69446 39
1776982885114 1.7331 40
1776982890258 1.7185 41
1776982895367 1.67648 42
1776982900657 1.60935 43
1776982905842 1.66149 44
1776982911053 1.66767 45
1776982916181 1.59819 46
1776982921327 1.47943 47
1776982926612 1.63249 48
1776982931755 1.58641 49
1776982936879 1.57591 50
1776982942016 1.66628 51
1776982947137 1.64791 52
1776982952496 1.54756 53
1776982957624 1.62963 54
1776982962780 1.52091 55
1776982967907 1.51438 56
1776982973048 1.55459 57
1776982978170 1.51781 58
1776982983459 1.50287 59
1776982988582 1.51087 60
1776982993726 1.5138 61
1776982998847 1.4739 62
1776983003987 1.59378 63
1776983009270 1.52869 64
1776983014418 1.54912 65
1776983019543 1.54539 66
1776983024685 1.51225 67
