1776982677910 0.02637 0
1776982683553 0.02219 1
1776982688710 0.02388 2
1776982693889 0.02501 3
1776982699051 0.02811 4
1776982704331 0.02852 5
1776982709502 0.02717 6
1776982714826 0.02818 7
1776982719985 0.02689 8
1776982725167 0.02496 9
1776982730257 0.02685 10
1776982735353 0.02619 11
1776982740587 0.02651 12
1776982745681 0.02588 13
1776982750795 0.02617 14
1776982756005 0.02564 15
1776982761113 0.02577 16
1776982766233 0.0256 17
1776982771550 0.02564 18
1776982776673 0.02625 19
1776982781783 0.02423 20
1776982786911 0.02527 21
1776982792017 0.02505 22
1776982797366 0.02663 23
1776982802542 0.02576 24
1776982807671 0.0262 25
1776982812772 0.0255 26
1776982817908 0.02521 27
1776982823173 0.02517 28
1776982828305 0.02306 29
1776982833468 0.02481 30
1776982838602 0.02512 31
1776982843709 0.0245 32
1776982849005 0.0255 33
1776982854193 0.02537 34
1776982859328 0.02355 35
1776982864445 0.02633 36
1776982869588 0.02329 37
1776982874858 0.02406 38
1776982879998 0.02354 39
1776982885114 0.02466 40
1776982890258 0.02387 41
1776982895367 0.02248 42
1776982900657 0.02306 43
1776982905842 0.02307 44
1776982911053 0.02405 45
1776982916181 0.02385 46
1776982921327 0.02371 47
1776982926612 0.02243 48
1776982931755 0.02373 49
1776982936879 0.02473 50
1776982942016 0.02309 51
1776982947137 0.02371 52
1776982952496 0.02414 53
1776982957624 0.02282 54
1776982962780 0.02287 55
1776982967907 0.02336 56
1776982973048 0.02269 57
1776982978170 0.02238 58
1776982983459 0.02294 59
1776982988582 0.02364 60
1776982993726 0.02216 61
1776982998847 0.02292 62
1776983003987 0.02132 63
1776983009270 0.02159 64
1776983014418 0.02193 65
1776983019543 0.02277 66
1776983024685 0.02245 67
