1777662427965 0.0 0
1777662433032 0.0 1
1777662438080 0.0 2
1777662443156 0.005 3
1777662448232 0.01167 4
1777662453097 0.0 5
1777662458396 0.04793 6
1777662463464 0.17682 7
1777662468325 0.04739 8
1777662473219 0.044 9
1777662478160 0.05522 10
1777662483091 0.10981 11
1777662488384 0.18385 12
1777662493303 0.08154 13
1777662498194 0.17001 14
1777662503277 0.23041 15
1777662508165 0.14647 16
1777662513042 0.21962 17
1777662518172 0.22187 18
1777662523432 0.21925 19
1777662528532 0.26891 20
1777662533430 0.24551 21
1777662538544 0.37773 22
1777662543512 0.22681 23
1777662548618 0.2117 24
1777662553499 0.33211 25
1777662558375 0.33863 26
1777662563443 0.36351 27
1777662568533 0.38402 28
1777662573840 0.41065 29
1777662578756 0.42047 30
1777662583818 0.45054 31
1777662588718 0.42489 32
1777662593629 0.31705 33
1777662598487 0.35385 34
1777662603668 0.45864 35
1777662608875 0.53205 36
1777662613759 0.37174 37
1777662618640 0.36148 38
1777662623662 0.53363 39
1777662628616 0.50062 40
1777662633708 0.52629 41
1777662638799 0.54504 42
1777662643735 0.47474 43
1777662648657 0.50977 44
1777662653573 0.49257 45
1777662658714 0.52893 46
1777662663784 0.4476 47
1777662668707 0.49451 48
1777662673611 0.52741 49
1777662678512 0.50574 50
1777662683455 0.48311 51
1777662688527 0.51837 52
1777662693441 0.36709 53
1777662698375 0.51966 54
1777662703515 0.54859 55
1777662708435 0.45291 56
1777662713448 0.54397 57
1777662718593 0.62296 58
1777662723549 0.51024 59
1777662728439 0.54779 60
1777662733541 0.5991 61
1777662738458 0.53072 62
1777662743372 0.53638 63
1777662748308 0.56588 64
1777662753233 0.56891 65
1777662758163 0.56759 66
1777662763455 0.63544 67
1777662768339 0.57601 68
1777662773274 0.61685 69
1777662778231 0.61083 70
1777662783159 0.60784 71
1777662788255 0.59003 72
1777662793156 0.59678 73
1777662798034 0.60534 74
1777662803158 0.65407 75
1777662808074 0.59528 76
1777662813241 0.6081 77
1777662818429 0.6402 78
1777662823353 0.62059 79
1777662828316 0.59619 80
1777662833293 0.55247 81
1777662838234 0.62063 82
1777662843216 0.60989 83
1777662848292 0.59279 84
1777662853187 0.60723 85
1777662858089 0.5684 86
1777662863045 0.64361 87
1777662867978 0.61201 88
1777662873070 0.63924 89
1777662886019 0.63669 90
1777662890880 0.59676 91
1777662895845 0.58104 92
1777662900783 0.62503 93
1777662903669 0.640427572457068 93
