1777662427965 0.0 0
1777662433032 0.0 1
1777662438080 0.0 2
1777662443156 0.0035 3
1777662448232 0.0035 4
1777662453097 0.0 5
1777662458396 0.01211 6
1777662463464 0.04724 7
1777662468325 0.0191 8
1777662473219 0.01278 9
1777662478160 0.02505 10
1777662483091 0.03116 11
1777662488384 0.06197 12
1777662493303 0.02429 13
1777662498194 0.05297 14
1777662503277 0.08365 15
1777662508165 0.04846 16
1777662513042 0.07428 17
1777662518172 0.08501 18
1777662523432 0.08962 19
1777662528532 0.09483 20
1777662533430 0.09031 21
1777662538544 0.14151 22
1777662543512 0.0708 23
1777662548618 0.0918 24
1777662553499 0.12514 25
1777662558375 0.13062 26
1777662563443 0.15173 27
1777662568533 0.16235 28
1777662573840 0.1685 29
1777662578756 0.16254 30
1777662583818 0.21712 31
1777662588718 0.17794 32
1777662593629 0.14317 33
1777662598487 0.15904 34
1777662603668 0.19524 35
1777662608875 0.23609 36
1777662613759 0.17746 37
1777662618640 0.15921 38
1777662623662 0.21908 39
1777662628616 0.1861 40
1777662633708 0.21852 41
1777662638799 0.25208 42
1777662643735 0.19662 43
1777662648657 0.22258 44
1777662653573 0.22887 45
1777662658714 0.25775 46
1777662663784 0.18835 47
1777662668707 0.23508 48
1777662673611 0.24524 49
1777662678512 0.23277 50
1777662683455 0.22437 51
1777662688527 0.24973 52
1777662693441 0.15123 53
1777662698375 0.23022 54
1777662703515 0.25861 55
1777662708435 0.19603 56
1777662713448 0.24546 57
1777662718593 0.30395 58
1777662723549 0.25039 59
1777662728439 0.26188 60
1777662733541 0.28847 61
1777662738458 0.23563 62
1777662743372 0.25278 63
1777662748308 0.26958 64
1777662753233 0.25769 65
1777662758163 0.25512 66
1777662763455 0.31153 67
1777662768339 0.28552 68
1777662773274 0.30771 69
1777662778231 0.29739 70
1777662783159 0.30567 71
1777662788255 0.28657 72
1777662793156 0.29657 73
1777662798034 0.30775 74
1777662803158 0.32085 75
1777662808074 0.29079 76
1777662813241 0.29681 77
1777662818429 0.32726 78
1777662823353 0.31867 79
1777662828316 0.31253 80
1777662833293 0.26765 81
1777662838234 0.30637 82
1777662843216 0.30524 83
1777662848292 0.27555 84
1777662853187 0.30992 85
1777662858089 0.28155 86
1777662863045 0.32112 87
1777662867978 0.29748 88
1777662873070 0.31394 89
1777662886019 0.29861 90
1777662890880 0.30743 91
1777662895845 0.30063 92
1777662900783 0.30684 93
1777662903669 0.32534973002116696 93
