1777662427965 0.0 0
1777662433032 0.0 1
1777662438080 0.0 2
1777662443156 1.0 3
1777662448232 0.66667 4
1777662453097 0.0 5
1777662458396 0.25275 6
1777662463464 0.34211 7
1777662468325 0.33962 8
1777662473219 0.25532 9
1777662478160 0.40476 10
1777662483091 0.4 11
1777662488384 0.38324 12
1777662493303 0.4878 13
1777662498194 0.61194 14
1777662503277 0.53448 15
1777662508165 0.48101 16
1777662513042 0.54167 17
1777662518172 0.58427 18
1777662523432 0.40147 19
1777662528532 0.57009 20
1777662533430 0.61053 21
1777662538544 0.55696 22
1777662543512 0.35883 23
1777662548618 0.52381 24
1777662553499 0.43747 25
1777662558375 0.64655 26
1777662563443 0.49444 27
1777662568533 0.50265 28
1777662573840 0.58228 29
1777662578756 0.63448 30
1777662583818 0.5651 31
1777662588718 0.63121 32
1777662593629 0.53503 33
1777662598487 0.63415 34
1777662603668 0.59639 35
1777662608875 0.59309 36
1777662613759 0.61111 37
1777662618640 0.57554 38
1777662623662 0.50855 39
1777662628616 0.74396 40
1777662633708 0.69737 41
1777662638799 0.67494 42
1777662643735 0.61491 43
1777662648657 0.57673 44
1777662653573 0.62424 45
1777662658714 0.5658 46
1777662663784 0.61635 47
1777662668707 0.58824 48
1777662673611 0.67906 49
1777662678512 0.71967 50
1777662683455 0.64815 51
1777662688527 0.6236 52
1777662693441 0.5817 53
1777662698375 0.56219 54
1777662703515 0.67665 55
1777662708435 0.57471 56
1777662713448 0.67365 57
1777662718593 0.64325 58
1777662723549 0.63068 59
1777662728439 0.63235 60
1777662733541 0.67493 61
1777662738458 0.64463 62
1777662743372 0.70622 63
1777662748308 0.6778 64
1777662753233 0.66102 65
1777662758163 0.62944 66
1777662763455 0.6599 67
1777662768339 0.76025 68
1777662773274 0.75809 69
1777662778231 0.75911 70
1777662783159 0.69244 71
1777662788255 0.67614 72
1777662793156 0.69364 73
1777662798034 0.6776 74
1777662803158 0.74297 75
1777662808074 0.7282 76
1777662813241 0.7039 77
1777662818429 0.71373 78
1777662823353 0.64416 79
1777662828316 0.68571 80
1777662833293 0.69766 81
1777662838234 0.75441 82
1777662843216 0.75668 83
1777662848292 0.75486 84
1777662853187 0.7618 85
1777662858089 0.70323 86
1777662863045 0.72303 87
1777662867978 0.76212 88
1777662873070 0.72426 89
1777662886019 0.77621 90
1777662890880 0.74566 91
1777662895845 0.69006 92
1777662900783 0.79554 93
1777662903669 0.7216781999390696 93
