1777662427965 0.0 0
1777662433032 0.0 1
1777662438080 0.0 2
1777662443156 0.00559 3
1777662448232 0.01117 4
1777662453097 0.0 5
1777662458396 0.12849 6
1777662463464 0.2905 7
1777662468325 0.10056 8
1777662473219 0.06704 9
1777662478160 0.09497 10
1777662483091 0.20112 11
1777662488384 0.2673 12
1777662493303 0.11173 13
1777662498194 0.22905 14
1777662503277 0.34637 15
1777662508165 0.21229 16
1777662513042 0.2905 17
1777662518172 0.2905 18
1777662523432 0.31285 19
1777662528532 0.34078 20
1777662533430 0.32402 21
1777662538544 0.49162 22
1777662543512 0.37989 23
1777662548618 0.30726 24
1777662553499 0.5419 25
1777662558375 0.41899 26
1777662563443 0.49721 27
1777662568533 0.53073 28
1777662573840 0.51397 29
1777662578756 0.51397 30
1777662583818 0.51397 31
1777662588718 0.49721 32
1777662593629 0.46927 33
1777662598487 0.43575 34
1777662603668 0.55307 35
1777662608875 0.63128 36
1777662613759 0.43017 37
1777662618640 0.44693 38
1777662623662 0.6648 39
1777662628616 0.47077 40
1777662633708 0.59218 41
1777662638799 0.64246 42
1777662643735 0.55307 43
1777662648657 0.54047 44
1777662653573 0.57542 45
1777662658714 0.62608 46
1777662663784 0.54749 47
1777662668707 0.61453 48
1777662673611 0.60335 49
1777662678512 0.55307 50
1777662683455 0.58659 51
1777662688527 0.56425 52
1777662693441 0.49721 53
1777662698375 0.63128 54
1777662703515 0.63128 55
1777662708435 0.55866 56
1777662713448 0.59218 57
1777662718593 0.71508 58
1777662723549 0.62011 59
1777662728439 0.65341 60
1777662733541 0.63687 61
1777662738458 0.58101 62
1777662743372 0.56983 63
1777662748308 0.61453 64
1777662753233 0.65363 65
1777662758163 0.69274 66
1777662763455 0.72626 67
1777662768339 0.59777 68
1777662773274 0.63687 69
1777662778231 0.60335 70
1777662783159 0.64146 71
1777662788255 0.6648 72
1777662793156 0.67039 73
1777662798034 0.69274 74
1777662803158 0.64596 75
1777662808074 0.64361 76
1777662813241 0.6648 77
1777662818429 0.65466 78
1777662823353 0.6877 79
1777662828316 0.67039 80
1777662833293 0.60589 81
1777662838234 0.61453 82
1777662843216 0.60335 83
1777662848292 0.59777 84
1777662853187 0.64246 85
1777662858089 0.64246 86
1777662863045 0.68546 87
1777662867978 0.64804 88
1777662873070 0.69832 89
1777662886019 0.67818 90
1777662890880 0.64804 91
1777662895845 0.65922 92
1777662900783 0.62011 93
1777662903669 0.6518697468418141 93
