1776982677910 0.0005200000000000001 0
1776982683553 0.0010547529999999999 1
1776982688710 0.00158416 2
1776982693889 0.0019703 3
1776982699051 0.0019604 4
1776982704331 0.0019505 5
1776982709502 0.0019406 6
1776982714826 0.0019306999999999998 7
1776982719985 0.0019207999999999999 8
1776982725167 0.0019108999999999999 9
1776982730257 0.0019010000000000001 10
1776982735353 0.0018911 11
1776982740587 0.0018812 12
1776982745681 0.0018713000000000002 13
1776982750795 0.0018614 14
1776982756005 0.0018515000000000003 15
1776982761113 0.0018416 16
1776982766233 0.0018317000000000001 17
1776982771550 0.0018218000000000002 18
1776982776673 0.0018119000000000002 19
1776982781783 0.001802 20
1776982786911 0.0017921 21
1776982792017 0.0017822 22
1776982797366 0.0017723 23
1776982802542 0.0017624 24
1776982807671 0.0017525 25
1776982812772 0.0017426 26
1776982817908 0.0017327 27
1776982823173 0.0017228 28
1776982828305 0.0017128999999999998 29
1776982833468 0.001703 30
1776982838602 0.0016931000000000001 31
1776982843709 0.0016832000000000001 32
1776982849005 0.0016733 33
1776982854193 0.0016634 34
1776982859328 0.0016535 35
1776982864445 0.0016436000000000003 36
1776982869588 0.0016336999999999999 37
1776982874858 0.0016238000000000001 38
1776982879998 0.0016139 39
1776982885114 0.0016040000000000002 40
1776982890258 0.0015941000000000002 41
1776982895367 0.0015842 42
1776982900657 0.0015743 43
1776982905842 0.0015644 44
1776982911053 0.0015545000000000001 45
1776982916181 0.0015446 46
1776982921327 0.0015347 47
1776982926612 0.0015248 48
1776982931755 0.0015149 49
1776982936879 0.0015049999999999998 50
1776982942016 0.0014951 51
1776982947137 0.0014852 52
1776982952496 0.0014753000000000001 53
1776982957624 0.0014654000000000002 54
1776982962780 0.0014555 55
1776982967907 0.0014456 56
1776982973048 0.0014357000000000003 57
1776982978170 0.0014258 58
1776982983459 0.0014159 59
1776982988582 0.001406 60
1776982993726 0.0013961000000000002 61
1776982998847 0.0013862 62
1776983003987 0.0013763 63
1776983009270 0.0013663999999999998 64
1776983014418 0.0013565 65
1776983019543 0.0013465999999999999 66
1776983024685 0.0013367000000000001 67
