1777420750939 1.62743 0
1777420766788 1.39417 1
1777420772038 1.36187 2
1777420777335 1.39077 3
1777420782606 1.53625 4
1777420787846 1.61385 5
1777420793073 1.59257 6
1777420798477 1.63669 7
1777420803771 1.69586 8
1777420809103 1.65261 9
1777420814366 1.64009 10
1777420819545 1.60397 11
1777420824856 1.67615 12
1777420830165 1.62013 13
1777420835456 1.69963 14
1777420840514 1.59244 15
1777420845615 1.63857 16
1777420850664 1.65675 17
1777420855870 1.52713 18
1777420860936 1.57532 19
1777420865974 1.61692 20
1777420871038 1.58905 21
1777420876145 1.52579 22
1777420881253 1.50349 23
1777420886552 1.60619 24
1777420891638 1.54459 25
1777420896702 1.60224 26
1777420901972 1.53917 27
1777420907284 1.5771 28
1777420912484 1.53728 29
1777420917651 1.49384 30
1777420922689 1.53861 31
1777420927725 1.49955 32
1777420932793 1.55469 33
1777420938053 1.52732 34
1777420943130 1.46638 35
1777420948228 1.45472 36
1777420953271 1.47294 37
1777420958395 1.41032 38
1777420963428 1.47292 39
1777420968803 1.51323 40
1777420973872 1.50092 41
1777420978943 1.46301 42
1777420984152 1.48863 43
1777420989208 1.45195 44
1777420994453 1.48077 45
1777420999618 1.45559 46
1777421004724 1.40212 47
1777421009864 1.48785 48
1777421014953 1.4029 49
1777421020067 1.45626 50
1777421025341 1.42991 51
1777421030371 1.39317 52
1777421035412 1.41561 53
1777421040407 1.37958 54
1777421045441 1.41388 55
1777421050787 1.39101 56
1777421056015 1.34482 57
1777421061074 1.37272 58
1777421066064 1.35471 59
1777421071175 1.38001 60
1777421076246 1.32511 61
1777421081809 1.34416 62
1777421086956 1.34366 63
1777421092002 1.36716 64
1777421097137 1.34155 65
1777421102159 1.32871 66
1777421107487 1.35791 67
1777421112727 1.30623 68
1777421117831 1.32838 69
1777421122918 1.27966 70
1777421128028 1.29814 71
1777421133109 1.3129 72
1777421138340 1.32937 73
1777421143398 1.31132 74
1777421148745 1.30906 75
1777421153848 1.27457 76
1777421158917 1.31955 77
1777421164049 1.2798 78
1777421169327 1.26194 79
1777421174382 1.25436 80
1777421179499 1.25347 81
1777421184593 1.26783 82
1777421189720 1.26942 83
1777421195177 1.33635 84
1777421200284 1.26363 85
1777421205417 1.24092 86
1777421210509 1.21982 87
1777421215707 1.2431 88
1777421220856 1.22271 89
1777421233974 1.32248 90
1777421239098 1.28366 91
1777421244077 1.27171 92
1777421249205 1.20584 93
1777421254261 1.19973 94
1777421259563 1.2453 95
1777421264582 1.20933 96
1777421269569 1.23482 97
1777421274569 1.10827 98
1777421279692 1.20864 99
