1777420750939 7.80616 0
1777420766788 6.60056 1
1777420772038 5.6423 2
1777420777335 4.98987 3
1777420782606 4.59379 4
1777420787846 3.83894 5
1777420793073 3.27633 6
1777420798477 2.91948 7
1777420803771 2.66871 8
1777420809103 2.5656 9
1777420814366 2.44325 10
1777420819545 2.41986 11
1777420824856 2.35718 12
1777420830165 2.20971 13
1777420835456 2.12179 14
1777420840514 2.19243 15
1777420845615 2.09913 16
1777420850664 2.07803 17
1777420855870 2.08374 18
1777420860936 2.04331 19
1777420865974 1.99992 20
1777420871038 1.90504 21
1777420876145 2.00348 22
1777420881253 1.97633 23
1777420886552 1.85952 24
1777420891638 1.85103 25
1777420896702 1.86645 26
1777420901972 1.81154 27
1777420907284 1.80322 28
1777420912484 1.73418 29
1777420917651 1.64899 30
1777420922689 1.70745 31
1777420927725 1.64326 32
1777420932793 1.6725 33
1777420938053 1.72484 34
1777420943130 1.66173 35
1777420948228 1.66897 36
1777420953271 1.68103 37
1777420958395 1.57411 38
1777420963428 1.65141 39
1777420968803 1.61138 40
1777420973872 1.61964 41
1777420978943 1.61281 42
1777420984152 1.57856 43
1777420989208 1.53655 44
1777420994453 1.49963 45
1777420999618 1.5233 46
1777421004724 1.48602 47
1777421009864 1.50754 48
1777421014953 1.42918 49
1777421020067 1.44633 50
1777421025341 1.56131 51
1777421030371 1.47366 52
1777421035412 1.50739 53
1777421040407 1.46149 54
1777421045441 1.43326 55
1777421050787 1.4609 56
1777421056015 1.4414 57
1777421061074 1.43369 58
1777421066064 1.42978 59
1777421071175 1.40806 60
1777421076246 1.32515 61
1777421081809 1.38469 62
1777421086956 1.2899 63
1777421092002 1.4087 64
1777421097137 1.32979 65
1777421102159 1.33546 66
1777421107487 1.27982 67
1777421112727 1.24006 68
1777421117831 1.28439 69
1777421122918 1.34006 70
1777421128028 1.18186 71
1777421133109 1.25059 72
1777421138340 1.2527 73
1777421143398 1.24835 74
1777421148745 1.2371 75
1777421153848 1.2286 76
1777421158917 1.21849 77
1777421164049 1.1814 78
1777421169327 1.16423 79
1777421174382 1.21264 80
1777421179499 1.0994 81
1777421184593 1.10982 82
1777421189720 1.17188 83
1777421195177 1.16714 84
1777421200284 1.11344 85
1777421205417 1.08032 86
1777421210509 1.14409 87
1777421215707 1.15038 88
1777421220856 1.164 89
1777421233974 1.15023 90
1777421239098 0.96852 91
1777421244077 0.95095 92
1777421249205 0.91042 93
1777421254261 0.93052 94
1777421259563 0.98918 95
1777421264582 0.93842 96
1777421269569 0.85397 97
1777421274569 0.91824 98
1777421279692 0.90465 99
