1777420750939 0.02866 0
1777420766788 0.02107 1
1777420772038 0.02131 2
1777420777335 0.0218 3
1777420782606 0.02369 4
1777420787846 0.0237 5
1777420793073 0.02505 6
1777420798477 0.02548 7
1777420803771 0.02598 8
1777420809103 0.02581 9
1777420814366 0.02695 10
1777420819545 0.02575 11
1777420824856 0.02616 12
1777420830165 0.02601 13
1777420835456 0.02862 14
1777420840514 0.02583 15
1777420845615 0.02777 16
1777420850664 0.02807 17
1777420855870 0.02564 18
1777420860936 0.02516 19
1777420865974 0.02574 20
1777420871038 0.02522 21
1777420876145 0.02499 22
1777420881253 0.02355 23
1777420886552 0.02645 24
1777420891638 0.02592 25
1777420896702 0.02495 26
1777420901972 0.02425 27
1777420907284 0.02491 28
1777420912484 0.02375 29
1777420917651 0.02337 30
1777420922689 0.02449 31
1777420927725 0.02375 32
1777420932793 0.02401 33
1777420938053 0.02405 34
1777420943130 0.02345 35
1777420948228 0.02299 36
1777420953271 0.02416 37
1777420958395 0.02276 38
1777420963428 0.02332 39
1777420968803 0.02374 40
1777420973872 0.02323 41
1777420978943 0.02366 42
1777420984152 0.02332 43
1777420989208 0.02271 44
1777420994453 0.02272 45
1777420999618 0.02228 46
1777421004724 0.02256 47
1777421009864 0.0242 48
1777421014953 0.02201 49
1777421020067 0.02276 50
1777421025341 0.02258 51
1777421030371 0.02156 52
1777421035412 0.02183 53
1777421040407 0.02112 54
1777421045441 0.02173 55
1777421050787 0.02106 56
1777421056015 0.02119 57
1777421061074 0.02177 58
1777421066064 0.02124 59
1777421071175 0.0215 60
1777421076246 0.02055 61
1777421081809 0.0211 62
1777421086956 0.0206 63
1777421092002 0.02318 64
1777421097137 0.02134 65
1777421102159 0.0196 66
1777421107487 0.02132 67
1777421112727 0.02065 68
1777421117831 0.02094 69
1777421122918 0.01897 70
1777421128028 0.02128 71
1777421133109 0.01998 72
1777421138340 0.02031 73
1777421143398 0.02072 74
1777421148745 0.01985 75
1777421153848 0.01923 76
1777421158917 0.02001 77
1777421164049 0.01941 78
1777421169327 0.01878 79
1777421174382 0.01852 80
1777421179499 0.01898 81
1777421184593 0.01937 82
1777421189720 0.01897 83
1777421195177 0.01944 84
1777421200284 0.01921 85
1777421205417 0.01852 86
1777421210509 0.01894 87
1777421215707 0.01959 88
1777421220856 0.01885 89
1777421233974 0.02583 90
1777421239098 0.02531 91
1777421244077 0.0246 92
1777421249205 0.0227 93
1777421254261 0.02233 94
1777421259563 0.02379 95
1777421264582 0.02359 96
1777421269569 0.02478 97
1777421274569 0.02137 98
1777421279692 0.02257 99
