1777420762492 0.0 0
1777420767801 0.0 1
1777420773060 0.0 2
1777420778311 0.0 3
1777420783561 0.0 4
1777420788751 0.0 5
1777420794235 0.0025 6
1777420799494 0.04306 7
1777420804813 0.07431 8
1777420810062 0.04873 9
1777420815332 0.14176 10
1777420820577 0.21662 11
1777420825875 0.13446 12
1777420831192 0.34344 13
1777420836269 0.27321 14
1777420841334 0.04641 15
1777420846402 0.11571 16
1777420851514 0.16419 17
1777420856687 0.20142 18
1777420861659 0.00926 19
1777420866830 0.27756 20
1777420871869 0.15671 21
1777420876975 0.09501 22
1777420882285 0.1773 23
1777420887351 0.24206 24
1777420892379 0.23118 25
1777420897745 0.33188 26
1777420902995 0.46922 27
1777420908025 0.32621 28
1777420913356 0.36968 29
1777420918403 0.28312 30
1777420923445 0.34863 31
1777420928548 0.38497 32
1777420933609 0.28143 33
1777420938867 0.32649 34
1777420943908 0.37453 35
1777420949044 0.42734 36
1777420954113 0.26208 37
1777420959219 0.27879 38
1777420964525 0.31316 39
1777420969583 0.31799 40
1777420974693 0.27211 41
1777420979918 0.421 42
1777420984941 0.32432 43
1777420990183 0.49931 44
1777420995217 0.45659 45
1777421000460 0.46201 46
1777421005572 0.34781 47
1777421010674 0.38616 48
1777421015827 0.47523 49
1777421021095 0.31294 50
1777421026094 0.4564 51
1777421031139 0.41518 52
1777421036160 0.44266 53
1777421041206 0.47685 54
1777421046499 0.51133 55
1777421051771 0.41567 56
1777421056802 0.51712 57
1777421061851 0.51965 58
1777421066916 0.37827 59
1777421071981 0.51365 60
1777421077540 0.61577 61
1777421082663 0.50485 62
1777421087795 0.54609 63
1777421092869 0.52898 64
1777421097870 0.51245 65
1777421103214 0.62017 66
1777421108450 0.52295 67
1777421113548 0.45597 68
1777421118676 0.55255 69
1777421123742 0.54728 70
1777421128799 0.55986 71
1777421133875 0.50885 72
1777421139108 0.50575 73
1777421144436 0.6264 74
1777421149591 0.58294 75
1777421154662 0.51944 76
1777421159784 0.64191 77
1777421165054 0.55746 78
1777421170135 0.57694 79
1777421175200 0.5624 80
1777421180333 0.51689 81
1777421185442 0.57812 82
1777421190788 0.63093 83
1777421196012 0.57014 84
1777421201102 0.62452 85
1777421206243 0.52325 86
1777421211450 0.6236 87
1777421216566 0.58582 88
1777421221786 0.60308 89
1777421234861 0.57293 90
1777421239897 0.54399 91
1777421244932 0.59727 92
1777421250024 0.615 93
1777421255329 0.61975 94
1777421260345 0.5997 95
1777421265332 0.62289 96
1777421270324 0.59889 97
1777421275389 0.58874 98
1777421280455 0.57889 99
1777421284149 0.6229621064634872 99
