1777420762492 0.0 0
1777420767801 0.0 1
1777420773060 0.0 2
1777420778311 0.0 3
1777420783561 0.0 4
1777420788751 0.0 5
1777420794235 0.0015 6
1777420799494 0.01219 7
1777420804813 0.018 8
1777420810062 0.01857 9
1777420815332 0.0408 10
1777420820577 0.07455 11
1777420825875 0.0516 12
1777420831192 0.11639 13
1777420836269 0.10534 14
1777420841334 0.01639 15
1777420846402 0.05211 16
1777420851514 0.06277 17
1777420856687 0.07911 18
1777420861659 0.00301 19
1777420866830 0.10728 20
1777420871869 0.06305 21
1777420876975 0.03231 22
1777420882285 0.06128 23
1777420887351 0.10206 24
1777420892379 0.09202 25
1777420897745 0.14869 26
1777420902995 0.18791 27
1777420908025 0.13118 28
1777420913356 0.17919 29
1777420918403 0.10287 30
1777420923445 0.15881 31
1777420928548 0.14566 32
1777420933609 0.12465 33
1777420938867 0.1324 34
1777420943908 0.16121 35
1777420949044 0.173 36
1777420954113 0.13393 37
1777420959219 0.15563 38
1777420964525 0.12315 39
1777420969583 0.14644 40
1777420974693 0.12812 41
1777420979918 0.19447 42
1777420984941 0.15921 43
1777420990183 0.2399 44
1777420995217 0.20291 45
1777421000460 0.20368 46
1777421005572 0.1632 47
1777421010674 0.18511 48
1777421015827 0.22513 49
1777421021095 0.14969 50
1777421026094 0.21211 51
1777421031139 0.1971 52
1777421036160 0.17761 53
1777421041206 0.23669 54
1777421046499 0.27158 55
1777421051771 0.21733 56
1777421056802 0.26013 57
1777421061851 0.2525 58
1777421066916 0.16233 59
1777421071981 0.23873 60
1777421077540 0.29096 61
1777421082663 0.25935 62
1777421087795 0.27044 63
1777421092869 0.26563 64
1777421097870 0.24343 65
1777421103214 0.29527 66
1777421108450 0.24205 67
1777421113548 0.23407 68
1777421118676 0.27155 69
1777421123742 0.26267 70
1777421128799 0.28484 71
1777421133875 0.25938 72
1777421139108 0.24906 73
1777421144436 0.31498 74
1777421149591 0.30211 75
1777421154662 0.23832 76
1777421159784 0.31273 77
1777421165054 0.27075 78
1777421170135 0.2929 79
1777421175200 0.30828 80
1777421180333 0.27088 81
1777421185442 0.28642 82
1777421190788 0.33076 83
1777421196012 0.30179 84
1777421201102 0.32648 85
1777421206243 0.2825 86
1777421211450 0.33465 87
1777421216566 0.31668 88
1777421221786 0.31848 89
1777421234861 0.28321 90
1777421239897 0.29373 91
1777421244932 0.3071 92
1777421250024 0.31483 93
1777421255329 0.3217 94
1777421260345 0.31854 95
1777421265332 0.3244 96
1777421270324 0.30958 97
1777421275389 0.3036 98
1777421280455 0.29692 99
1777421284149 0.33539401437607513 99
