1777420762492 0.0 0
1777420767801 0.0 1
1777420773060 0.0 2
1777420778311 0.0 3
1777420783561 0.0 4
1777420788751 0.0 5
1777420794235 0.33333 6
1777420799494 0.35135 7
1777420804813 0.26562 8
1777420810062 0.41379 9
1777420815332 0.36207 10
1777420820577 0.4416 11
1777420825875 0.40222 12
1777420831192 0.68224 13
1777420836269 0.75342 14
1777420841334 0.46667 15
1777420846402 0.42647 16
1777420851514 0.55844 17
1777420856687 0.70909 18
1777420861659 0.36364 19
1777420866830 0.76471 20
1777420871869 0.68 21
1777420876975 0.6 22
1777420882285 0.72222 23
1777420887351 0.78689 24
1777420892379 0.53398 25
1777420897745 0.74725 26
1777420902995 0.76991 27
1777420908025 0.72165 28
1777420913356 0.58865 29
1777420918403 0.56566 30
1777420923445 0.61475 31
1777420928548 0.67227 32
1777420933609 0.72619 33
1777420938867 0.75556 34
1777420943908 0.73394 35
1777420949044 0.64748 36
1777420954113 0.75 37
1777420959219 0.77027 38
1777420964525 0.63964 39
1777420969583 0.64606 40
1777420974693 0.77612 41
1777420979918 0.79808 42
1777420984941 0.79221 43
1777420990183 0.6478 44
1777420995217 0.66443 45
1777421000460 0.7619 46
1777421005572 0.75532 47
1777421010674 0.7069 48
1777421015827 0.65563 49
1777421021095 0.65686 50
1777421026094 0.80909 51
1777421031139 0.66165 52
1777421036160 0.72388 53
1777421041206 0.72222 54
1777421046499 0.78571 55
1777421051771 0.72034 56
1777421056802 0.7907 57
1777421061851 0.71034 58
1777421066916 0.72222 59
1777421071981 0.72464 60
1777421077540 0.69739 61
1777421082663 0.69178 62
1777421087795 0.76812 63
1777421092869 0.71711 64
1777421097870 0.75735 65
1777421103214 0.75152 66
1777421108450 0.75362 67
1777421113548 0.78448 68
1777421118676 0.7044 69
1777421123742 0.73759 70
1777421128799 0.6962 71
1777421133875 0.6478 72
1777421139108 0.71631 73
1777421144436 0.72571 74
1777421149591 0.71341 75
1777421154662 0.7097 76
1777421159784 0.73837 77
1777421165054 0.72848 78
1777421170135 0.72653 79
1777421175200 0.72732 80
1777421180333 0.68212 81
1777421185442 0.75508 82
1777421190788 0.75982 83
1777421196012 0.72274 84
1777421201102 0.74699 85
1777421206243 0.66463 86
1777421211450 0.72184 87
1777421216566 0.72276 88
1777421221786 0.7076 89
1777421234861 0.78322 90
1777421239897 0.81395 91
1777421244932 0.7931 92
1777421250024 0.73171 93
1777421255329 0.72289 94
1777421260345 0.70414 95
1777421265332 0.74096 96
1777421270324 0.75522 97
1777421275389 0.69822 98
1777421280455 0.73389 99
1777421284149 0.7047126510490803 99
