1777420762492 0.0 0
1777420767801 0.0 1
1777420773060 0.0 2
1777420778311 0.0 3
1777420783561 0.0 4
1777420788751 0.0 5
1777420794235 0.00559 6
1777420799494 0.07263 7
1777420804813 0.18994 8
1777420810062 0.06704 9
1777420815332 0.23464 10
1777420820577 0.35345 11
1777420825875 0.21788 12
1777420831192 0.40782 13
1777420836269 0.30726 14
1777420841334 0.07821 15
1777420846402 0.16201 16
1777420851514 0.24022 17
1777420856687 0.21788 18
1777420861659 0.02235 19
1777420866830 0.2905 20
1777420871869 0.18994 21
1777420876975 0.11732 22
1777420882285 0.21788 23
1777420887351 0.26816 24
1777420892379 0.30726 25
1777420897745 0.37989 26
1777420902995 0.46734 27
1777420908025 0.39106 28
1777420913356 0.46369 29
1777420918403 0.35196 30
1777420923445 0.41899 31
1777420928548 0.44693 32
1777420933609 0.34078 33
1777420938867 0.37989 34
1777420943908 0.44693 35
1777420949044 0.50279 36
1777420954113 0.30168 37
1777420959219 0.31844 38
1777420964525 0.39665 39
1777420969583 0.35754 40
1777420974693 0.2905 41
1777420979918 0.46369 42
1777420984941 0.34078 43
1777420990183 0.57542 44
1777420995217 0.55307 45
1777421000460 0.53631 46
1777421005572 0.39665 47
1777421010674 0.4581 48
1777421015827 0.55307 49
1777421021095 0.3743 50
1777421026094 0.49721 51
1777421031139 0.49162 52
1777421036160 0.5419 53
1777421041206 0.50838 54
1777421046499 0.55307 55
1777421051771 0.47486 56
1777421056802 0.56983 57
1777421061851 0.57542 58
1777421066916 0.43575 59
1777421071981 0.55866 60
1777421077540 0.67598 61
1777421082663 0.56425 62
1777421087795 0.59218 63
1777421092869 0.60894 64
1777421097870 0.57542 65
1777421103214 0.69274 66
1777421108450 0.58101 67
1777421113548 0.50838 68
1777421118676 0.6257 69
1777421123742 0.58101 70
1777421128799 0.61453 71
1777421133875 0.57542 72
1777421139108 0.56425 73
1777421144436 0.7095 74
1777421149591 0.65363 75
1777421154662 0.57542 76
1777421159784 0.7095 77
1777421165054 0.61453 78
1777421170135 0.61453 79
1777421175200 0.59218 80
1777421180333 0.57542 81
1777421185442 0.61453 82
1777421190788 0.64804 83
1777421196012 0.61164 84
1777421201102 0.69274 85
1777421206243 0.60894 86
1777421211450 0.67039 87
1777421216566 0.63128 88
1777421221786 0.67598 89
1777421234861 0.6257 90
1777421239897 0.58659 91
1777421244932 0.64246 92
1777421250024 0.67039 93
1777421255329 0.67039 94
1777421260345 0.6648 95
1777421265332 0.68715 96
1777421270324 0.63128 97
1777421275389 0.65922 98
1777421280455 0.63168 99
1777421284149 0.6703910614525139 99
