1776830723338 1.74037 0
1776830730487 1.80706 1
1776830735818 1.85972 2
1776830740842 1.82245 3
1776830745803 1.84242 4
1776830750613 1.79851 5
1776830755428 1.78254 6
1776830760251 1.73753 7
1776830765069 1.70922 8
1776830769877 1.71443 9
1776830774670 1.6556 10
1776830779471 1.67422 11
1776830784292 1.66653 12
1776830789098 1.65906 13
1776830793904 1.61138 14
1776830798705 1.60761 15
1776830803618 1.62671 16
1776830808520 1.6226 17
1776830813323 1.66674 18
1776830818152 1.53402 19
1776830822988 1.62626 20
1776830827805 1.5805 21
1776830832618 1.60578 22
1776830837510 1.55014 23
1776830842355 1.53445 24
1776830847269 1.539 25
1776830852087 1.53815 26
1776830856911 1.54698 27
1776830861747 1.56323 28
1776830866564 1.56181 29
1776830871379 1.47771 30
1776830876200 1.49869 31
1776830881031 1.53453 32
1776830885857 1.43671 33
1776830890688 1.51458 34
1776830895515 1.45081 35
1776830900354 1.43384 36
1776830905179 1.45088 37
1776830910015 1.52309 38
1776830914830 1.44349 39
