1776830723338 3.02179 0
1776830730487 2.72714 1
1776830735818 2.53685 2
1776830740842 2.32547 3
1776830745803 2.32623 4
1776830750613 2.21403 5
1776830755428 2.16581 6
1776830760251 2.1026 7
1776830765069 2.02802 8
1776830769877 2.07818 9
1776830774670 1.99266 10
1776830779471 2.01163 11
1776830784292 1.97824 12
1776830789098 1.93226 13
1776830793904 1.95365 14
1776830798705 1.9134 15
1776830803618 1.91623 16
1776830808520 1.90305 17
1776830813323 1.93787 18
1776830818152 1.82448 19
1776830822988 1.90749 20
1776830827805 1.86753 21
1776830832618 1.85779 22
1776830837510 1.80966 23
1776830842355 1.69945 24
1776830847269 1.794 25
1776830852087 1.74261 26
1776830856911 1.75633 27
1776830861747 1.74483 28
1776830866564 1.75107 29
1776830871379 1.69002 30
1776830876200 1.67896 31
1776830881031 1.68116 32
1776830885857 1.63843 33
1776830890688 1.67956 34
1776830895515 1.63208 35
1776830900354 1.62701 36
1776830905179 1.57826 37
1776830910015 1.66087 38
1776830914830 1.58921 39
