1776830723338 1.80993 0
1776830730487 1.84292 1
1776830735818 1.84614 2
1776830740842 1.82972 3
1776830745803 1.82912 4
1776830750613 1.79038 5
1776830755428 1.80382 6
1776830760251 1.76181 7
1776830765069 1.71075 8
1776830769877 1.72507 9
1776830774670 1.69582 10
1776830779471 1.73236 11
1776830784292 1.72248 12
1776830789098 1.67573 13
1776830793904 1.66563 14
1776830798705 1.6566 15
1776830803618 1.67333 16
1776830808520 1.6873 17
1776830813323 1.68343 18
1776830818152 1.60686 19
1776830822988 1.67308 20
1776830827805 1.66088 21
1776830832618 1.62566 22
1776830837510 1.6113 23
1776830842355 1.57218 24
1776830847269 1.61358 25
1776830852087 1.60108 26
1776830856911 1.61448 27
1776830861747 1.62031 28
1776830866564 1.60903 29
1776830871379 1.58651 30
1776830876200 1.56009 31
1776830881031 1.57407 32
1776830885857 1.5511 33
1776830890688 1.55834 34
1776830895515 1.56259 35
1776830900354 1.5603 36
1776830905179 1.52663 37
1776830910015 1.58236 38
1776830914830 1.52691 39
