1777659910664 0.0 0
1777659915751 0.0 1
1777659920812 0.0 2
1777659925899 0.005 3
1777659930961 0.01167 4
1777659935811 0.0 5
1777659941116 0.04793 6
1777659946259 0.17682 7
1777659951201 0.04739 8
1777659956128 0.044 9
1777659961030 0.05522 10
1777659966163 0.10981 11
1777659971305 0.18385 12
1777659976207 0.08154 13
1777659981085 0.17001 14
1777659986183 0.23041 15
1777659991053 0.14647 16
1777659996107 0.21962 17
1777660001228 0.22187 18
1777660006313 0.21925 19
1777660011467 0.26891 20
1777660016432 0.24551 21
1777660021569 0.37773 22
1777660026727 0.22681 23
1777660031715 0.2117 24
1777660036761 0.33211 25
1777660041699 0.33863 26
1777660046836 0.36351 27
1777660052180 0.38402 28
1777660057307 0.41065 29
1777660062230 0.42047 30
1777660067345 0.45054 31
1777660072351 0.42489 32
1777660077249 0.31705 33
1777660082329 0.35385 34
1777660087304 0.45864 35
1777660092424 0.53205 36
1777660097316 0.37174 37
1777660102216 0.36148 38
1777660107338 0.53363 39
1777660112303 0.50062 40
1777660117197 0.52629 41
1777660122369 0.54504 42
1777660127249 0.47474 43
1777660132172 0.50977 44
1777660137279 0.49257 45
1777660142459 0.52893 46
1777660147447 0.4476 47
1777660152373 0.49451 48
1777660157294 0.52741 49
1777660162264 0.50574 50
1777660167349 0.48311 51
1777660172291 0.51837 52
1777660177294 0.36709 53
1777660182228 0.51966 54
1777660187336 0.54859 55
1777660192453 0.45291 56
1777660197455 0.54397 57
1777660202540 0.62296 58
1777660207485 0.51024 59
1777660212410 0.54779 60
1777660217345 0.5991 61
1777660222533 0.53072 62
1777660227476 0.53638 63
1777660232387 0.56588 64
1777660237306 0.56891 65
1777660242235 0.56759 66
1777660247554 0.63544 67
1777660252509 0.57601 68
1777660257475 0.61685 69
1777660262397 0.61083 70
1777660267269 0.60784 71
1777660272180 0.59003 72
1777660277248 0.59678 73
1777660282138 0.60534 74
1777660287261 0.65407 75
1777660292249 0.59528 76
1777660297220 0.6081 77
1777660302514 0.6402 78
1777660307441 0.62059 79
1777660312374 0.59619 80
1777660317283 0.55247 81
1777660322235 0.62063 82
1777660327142 0.60989 83
1777660332287 0.59279 84
1777660337231 0.60723 85
1777660342183 0.5684 86
1777660347111 0.64361 87
1777660352053 0.61201 88
1777660357205 0.63924 89
1777660369841 0.63669 90
1777660374775 0.59676 91
1777660379725 0.58104 92
1777660384692 0.62503 93
1777660388417 0.640427572457068 93
