1777659910664 0.0 0
1777659915751 0.0 1
1777659920812 0.0 2
1777659925899 0.0035 3
1777659930961 0.0035 4
1777659935811 0.0 5
1777659941116 0.01211 6
1777659946259 0.04724 7
1777659951201 0.0191 8
1777659956128 0.01278 9
1777659961030 0.02505 10
1777659966163 0.03116 11
1777659971305 0.06197 12
1777659976207 0.02429 13
1777659981085 0.05297 14
1777659986183 0.08365 15
1777659991053 0.04846 16
1777659996107 0.07428 17
1777660001228 0.08501 18
1777660006313 0.08962 19
1777660011467 0.09483 20
1777660016432 0.09031 21
1777660021569 0.14151 22
1777660026727 0.0708 23
1777660031715 0.0918 24
1777660036761 0.12514 25
1777660041699 0.13062 26
1777660046836 0.15173 27
1777660052180 0.16235 28
1777660057307 0.1685 29
1777660062230 0.16254 30
1777660067345 0.21712 31
1777660072351 0.17794 32
1777660077249 0.14317 33
1777660082329 0.15904 34
1777660087304 0.19524 35
1777660092424 0.23609 36
1777660097316 0.17746 37
1777660102216 0.15921 38
1777660107338 0.21908 39
1777660112303 0.1861 40
1777660117197 0.21852 41
1777660122369 0.25208 42
1777660127249 0.19662 43
1777660132172 0.22258 44
1777660137279 0.22887 45
1777660142459 0.25775 46
1777660147447 0.18835 47
1777660152373 0.23508 48
1777660157294 0.24524 49
1777660162264 0.23277 50
1777660167349 0.22437 51
1777660172291 0.24973 52
1777660177294 0.15123 53
1777660182228 0.23022 54
1777660187336 0.25861 55
1777660192453 0.19603 56
1777660197455 0.24546 57
1777660202540 0.30395 58
1777660207485 0.25039 59
1777660212410 0.26188 60
1777660217345 0.28847 61
1777660222533 0.23563 62
1777660227476 0.25278 63
1777660232387 0.26958 64
1777660237306 0.25769 65
1777660242235 0.25512 66
1777660247554 0.31153 67
1777660252509 0.28552 68
1777660257475 0.30771 69
1777660262397 0.29739 70
1777660267269 0.30567 71
1777660272180 0.28657 72
1777660277248 0.29657 73
1777660282138 0.30775 74
1777660287261 0.32085 75
1777660292249 0.29079 76
1777660297220 0.29681 77
1777660302514 0.32726 78
1777660307441 0.31867 79
1777660312374 0.31253 80
1777660317283 0.26765 81
1777660322235 0.30637 82
1777660327142 0.30524 83
1777660332287 0.27555 84
1777660337231 0.30992 85
1777660342183 0.28155 86
1777660347111 0.32112 87
1777660352053 0.29748 88
1777660357205 0.31394 89
1777660369841 0.29861 90
1777660374775 0.30743 91
1777660379725 0.30063 92
1777660384692 0.30684 93
1777660388417 0.32534973002116696 93
