1777659910664 0.0 0
1777659915751 0.0 1
1777659920812 0.0 2
1777659925899 1.0 3
1777659930961 0.66667 4
1777659935811 0.0 5
1777659941116 0.25275 6
1777659946259 0.34211 7
1777659951201 0.33962 8
1777659956128 0.25532 9
1777659961030 0.40476 10
1777659966163 0.4 11
1777659971305 0.38324 12
1777659976207 0.4878 13
1777659981085 0.61194 14
1777659986183 0.53448 15
1777659991053 0.48101 16
1777659996107 0.54167 17
1777660001228 0.58427 18
1777660006313 0.40147 19
1777660011467 0.57009 20
1777660016432 0.61053 21
1777660021569 0.55696 22
1777660026727 0.35883 23
1777660031715 0.52381 24
1777660036761 0.43747 25
1777660041699 0.64655 26
1777660046836 0.49444 27
1777660052180 0.50265 28
1777660057307 0.58228 29
1777660062230 0.63448 30
1777660067345 0.5651 31
1777660072351 0.63121 32
1777660077249 0.53503 33
1777660082329 0.63415 34
1777660087304 0.59639 35
1777660092424 0.59309 36
1777660097316 0.61111 37
1777660102216 0.57554 38
1777660107338 0.50855 39
1777660112303 0.74396 40
1777660117197 0.69737 41
1777660122369 0.67494 42
1777660127249 0.61491 43
1777660132172 0.57673 44
1777660137279 0.62424 45
1777660142459 0.5658 46
1777660147447 0.61635 47
1777660152373 0.58824 48
1777660157294 0.67906 49
1777660162264 0.71967 50
1777660167349 0.64815 51
1777660172291 0.6236 52
1777660177294 0.5817 53
1777660182228 0.56219 54
1777660187336 0.67665 55
1777660192453 0.57471 56
1777660197455 0.67365 57
1777660202540 0.64325 58
1777660207485 0.63068 59
1777660212410 0.63235 60
1777660217345 0.67493 61
1777660222533 0.64463 62
1777660227476 0.70622 63
1777660232387 0.6778 64
1777660237306 0.66102 65
1777660242235 0.62944 66
1777660247554 0.6599 67
1777660252509 0.76025 68
1777660257475 0.75809 69
1777660262397 0.75911 70
1777660267269 0.69244 71
1777660272180 0.67614 72
1777660277248 0.69364 73
1777660282138 0.6776 74
1777660287261 0.74297 75
1777660292249 0.7282 76
1777660297220 0.7039 77
1777660302514 0.71373 78
1777660307441 0.64416 79
1777660312374 0.68571 80
1777660317283 0.69766 81
1777660322235 0.75441 82
1777660327142 0.75668 83
1777660332287 0.75486 84
1777660337231 0.7618 85
1777660342183 0.70323 86
1777660347111 0.72303 87
1777660352053 0.76212 88
1777660357205 0.72426 89
1777660369841 0.77621 90
1777660374775 0.74566 91
1777660379725 0.69006 92
1777660384692 0.79554 93
1777660388417 0.7216781999390696 93
