1777659910664 0.0 0
1777659915751 0.0 1
1777659920812 0.0 2
1777659925899 0.00559 3
1777659930961 0.01117 4
1777659935811 0.0 5
1777659941116 0.12849 6
1777659946259 0.2905 7
1777659951201 0.10056 8
1777659956128 0.06704 9
1777659961030 0.09497 10
1777659966163 0.20112 11
1777659971305 0.2673 12
1777659976207 0.11173 13
1777659981085 0.22905 14
1777659986183 0.34637 15
1777659991053 0.21229 16
1777659996107 0.2905 17
1777660001228 0.2905 18
1777660006313 0.31285 19
1777660011467 0.34078 20
1777660016432 0.32402 21
1777660021569 0.49162 22
1777660026727 0.37989 23
1777660031715 0.30726 24
1777660036761 0.5419 25
1777660041699 0.41899 26
1777660046836 0.49721 27
1777660052180 0.53073 28
1777660057307 0.51397 29
1777660062230 0.51397 30
1777660067345 0.51397 31
1777660072351 0.49721 32
1777660077249 0.46927 33
1777660082329 0.43575 34
1777660087304 0.55307 35
1777660092424 0.63128 36
1777660097316 0.43017 37
1777660102216 0.44693 38
1777660107338 0.6648 39
1777660112303 0.47077 40
1777660117197 0.59218 41
1777660122369 0.64246 42
1777660127249 0.55307 43
1777660132172 0.54047 44
1777660137279 0.57542 45
1777660142459 0.62608 46
1777660147447 0.54749 47
1777660152373 0.61453 48
1777660157294 0.60335 49
1777660162264 0.55307 50
1777660167349 0.58659 51
1777660172291 0.56425 52
1777660177294 0.49721 53
1777660182228 0.63128 54
1777660187336 0.63128 55
1777660192453 0.55866 56
1777660197455 0.59218 57
1777660202540 0.71508 58
1777660207485 0.62011 59
1777660212410 0.65341 60
1777660217345 0.63687 61
1777660222533 0.58101 62
1777660227476 0.56983 63
1777660232387 0.61453 64
1777660237306 0.65363 65
1777660242235 0.69274 66
1777660247554 0.72626 67
1777660252509 0.59777 68
1777660257475 0.63687 69
1777660262397 0.60335 70
1777660267269 0.64146 71
1777660272180 0.6648 72
1777660277248 0.67039 73
1777660282138 0.69274 74
1777660287261 0.64596 75
1777660292249 0.64361 76
1777660297220 0.6648 77
1777660302514 0.65466 78
1777660307441 0.6877 79
1777660312374 0.67039 80
1777660317283 0.60589 81
1777660322235 0.61453 82
1777660327142 0.60335 83
1777660332287 0.59777 84
1777660337231 0.64246 85
1777660342183 0.64246 86
1777660347111 0.68546 87
1777660352053 0.64804 88
1777660357205 0.69832 89
1777660369841 0.67818 90
1777660374775 0.64804 91
1777660379725 0.65922 92
1777660384692 0.62011 93
1777660388417 0.6518697468418141 93
