1777659899147 1.63897 0
1777659914805 1.38227 1
1777659919886 1.36172 2
1777659924962 1.3867 3
1777659930047 1.54887 4
1777659935107 1.60855 5
1777659939977 1.55233 6
1777659945305 1.62076 7
1777659950400 1.62044 8
1777659955398 1.68103 9
1777659960299 1.60603 10
1777659965205 1.64202 11
1777659970354 1.63616 12
1777659975496 1.58735 13
1777659980364 1.63575 14
1777659985245 1.59995 15
1777659990325 1.57054 16
1777659995204 1.61364 17
1777660000285 1.61356 18
1777660005382 1.55363 19
1777660010466 1.6464 20
1777660015676 1.51825 21
1777660020611 1.57097 22
1777660025760 1.53463 23
1777660030900 1.57207 24
1777660035898 1.57314 25
1777660040934 1.51254 26
1777660045878 1.49824 27
1777660051034 1.55733 28
1777660056378 1.57427 29
1777660061477 1.4823 30
1777660066408 1.51979 31
1777660071521 1.4718 32
1777660076536 1.51403 33
1777660081397 1.5407 34
1777660086491 1.49716 35
1777660091489 1.45805 36
1777660096578 1.42405 37
1777660101490 1.43324 38
1777660106387 1.46574 39
1777660111506 1.47924 40
1777660116463 1.5042 41
1777660121392 1.49335 42
1777660126514 1.48616 43
1777660131419 1.46898 44
1777660136526 1.4376 45
1777660141465 1.46192 46
1777660146658 1.41605 47
1777660151608 1.45018 48
1777660156540 1.41149 49
1777660161479 1.44363 50
1777660166592 1.43072 51
1777660171516 1.38734 52
1777660176467 1.44852 53
1777660181484 1.38661 54
1777660186376 1.39251 55
1777660191498 1.37864 56
1777660196657 1.35978 57
1777660201603 1.39889 58
1777660206736 1.35749 59
1777660211660 1.40146 60
1777660216598 1.33492 61
1777660221513 1.34682 62
1777660226707 1.38553 63
1777660231639 1.3584 64
1777660236583 1.27034 65
1777660241477 1.34938 66
1777660246414 1.33955 67
1777660251740 1.31416 68
1777660256689 1.35435 69
1777660261646 1.29372 70
1777660266547 1.28215 71
1777660271440 1.32226 72
1777660276511 1.31788 73
1777660281399 1.27289 74
1777660286302 1.30056 75
1777660291467 1.26982 76
1777660296423 1.3479 77
1777660301381 1.30119 78
1777660306687 1.28267 79
1777660311612 1.2934 80
1777660316526 1.27819 81
1777660321437 1.25706 82
1777660326396 1.237 83
1777660331525 1.27145 84
1777660336468 1.25258 85
1777660341452 1.26965 86
1777660346355 1.18767 87
1777660351286 1.24144 88
1777660356251 1.21378 89
1777660369073 1.26367 90
1777660374025 1.32962 91
1777660378927 1.25451 92
1777660383846 1.20901 93
