1777659899147 7.8267 0
1777659914805 6.59946 1
1777659919886 5.69245 2
1777659924962 5.01957 3
1777659930047 4.58229 4
1777659935107 3.83238 5
1777659939977 3.32304 6
1777659945305 3.00323 7
1777659950400 2.74877 8
1777659955398 2.65795 9
1777659960299 2.52686 10
1777659965205 2.36312 11
1777659970354 2.38543 12
1777659975496 2.34023 13
1777659980364 2.18949 14
1777659985245 2.22024 15
1777659990325 2.14799 16
1777659995204 2.16296 17
1777660000285 2.0989 18
1777660005382 2.03757 19
1777660010466 2.01794 20
1777660015676 1.99196 21
1777660020611 2.0337 22
1777660025760 2.01377 23
1777660030900 1.91385 24
1777660035898 1.86767 25
1777660040934 1.93787 26
1777660045878 1.92427 27
1777660051034 1.78817 28
1777660056378 1.80774 29
1777660061477 1.65777 30
1777660066408 1.66496 31
1777660071521 1.65284 32
1777660076536 1.74382 33
1777660081397 1.76209 34
1777660086491 1.67236 35
1777660091489 1.57662 36
1777660096578 1.64788 37
1777660101490 1.58026 38
1777660106387 1.63055 39
1777660111506 1.61669 40
1777660116463 1.5944 41
1777660121392 1.60769 42
1777660126514 1.53532 43
1777660131419 1.52204 44
1777660136526 1.52228 45
1777660141465 1.53154 46
1777660146658 1.48932 47
1777660151608 1.53208 48
1777660156540 1.44302 49
1777660161479 1.45021 50
1777660166592 1.53725 51
1777660171516 1.46139 52
1777660176467 1.50243 53
1777660181484 1.46653 54
1777660186376 1.46275 55
1777660191498 1.44164 56
1777660196657 1.40752 57
1777660201603 1.3983 58
1777660206736 1.35938 59
1777660211660 1.39616 60
1777660216598 1.37322 61
1777660221513 1.35942 62
1777660226707 1.28154 63
1777660231639 1.41329 64
1777660236583 1.33588 65
1777660241477 1.38191 66
1777660246414 1.30584 67
1777660251740 1.27987 68
1777660256689 1.28366 69
1777660261646 1.31137 70
1777660266547 1.1875 71
1777660271440 1.28247 72
1777660276511 1.29631 73
1777660281399 1.25935 74
1777660286302 1.25145 75
1777660291467 1.19648 76
1777660296423 1.23957 77
1777660301381 1.18375 78
1777660306687 1.17304 79
1777660311612 1.19077 80
1777660316526 1.1412 81
1777660321437 1.15245 82
1777660326396 1.19145 83
1777660331525 1.16596 84
1777660336468 1.17355 85
1777660341452 1.09087 86
1777660346355 1.14597 87
1777660351286 1.11138 88
1777660356251 1.14925 89
1777660369073 1.16628 90
1777660374025 0.95645 91
1777660378927 0.97028 92
1777660383846 0.9472 93
