1777659899147 0.02916 0
1777659914805 0.02056 1
1777659919886 0.02061 2
1777659924962 0.02114 3
1777659930047 0.02328 4
1777659935107 0.02379 5
1777659939977 0.0241 6
1777659945305 0.02481 7
1777659950400 0.02474 8
1777659955398 0.02696 9
1777659960299 0.02602 10
1777659965205 0.02694 11
1777659970354 0.02616 12
1777659975496 0.02581 13
1777659980364 0.02717 14
1777659985245 0.02592 15
1777659990325 0.02613 16
1777659995204 0.02696 17
1777660000285 0.02676 18
1777660005382 0.02452 19
1777660010466 0.0259 20
1777660015676 0.02371 21
1777660020611 0.02596 22
1777660025760 0.02376 23
1777660030900 0.02502 24
1777660035898 0.02582 25
1777660040934 0.02343 26
1777660045878 0.02396 27
1777660051034 0.02417 28
1777660056378 0.02496 29
1777660061477 0.02326 30
1777660066408 0.02429 31
1777660071521 0.02339 32
1777660076536 0.02318 33
1777660081397 0.02446 34
1777660086491 0.02399 35
1777660091489 0.02293 36
1777660096578 0.02297 37
1777660101490 0.0236 38
1777660106387 0.02364 39
1777660111506 0.02287 40
1777660116463 0.02349 41
1777660121392 0.02454 42
1777660126514 0.02356 43
1777660131419 0.02326 44
1777660136526 0.02203 45
1777660141465 0.02239 46
1777660146658 0.02303 47
1777660151608 0.02355 48
1777660156540 0.02193 49
1777660161479 0.02274 50
1777660166592 0.02205 51
1777660171516 0.02112 52
1777660176467 0.02223 53
1777660181484 0.02157 54
1777660186376 0.02152 55
1777660191498 0.02061 56
1777660196657 0.02097 57
1777660201603 0.02194 58
1777660206736 0.02181 59
1777660211660 0.02179 60
1777660216598 0.02077 61
1777660221513 0.02138 62
1777660226707 0.02109 63
1777660231639 0.02285 64
1777660236583 0.01984 65
1777660241477 0.01987 66
1777660246414 0.02127 67
1777660251740 0.02084 68
1777660256689 0.0214 69
1777660261646 0.01867 70
1777660266547 0.02062 71
1777660271440 0.02024 72
1777660276511 0.02045 73
1777660281399 0.01955 74
1777660286302 0.01955 75
1777660291467 0.01883 76
1777660296423 0.02014 77
1777660301381 0.01972 78
1777660306687 0.01899 79
1777660311612 0.01914 80
1777660316526 0.01965 81
1777660321437 0.01879 82
1777660326396 0.01789 83
1777660331525 0.01822 84
1777660336468 0.01839 85
1777660341452 0.01915 86
1777660346355 0.01851 87
1777660351286 0.01888 88
1777660356251 0.01859 89
1777660369073 0.0244 90
1777660374025 0.0265 91
1777660378927 0.02405 92
1777660383846 0.02258 93
