1777662426623 0.00026000000000000003 0
1777662432099 0.0005346540000000001 1
1777662437170 0.000803764 2
1777662442225 0.00106733 3
1777662447291 0.001325352 4
1777662452377 0.0015778300000000001 5
1777662457252 0.001824764 6
1777662462538 0.0018614 7
1777662467595 0.0018416 8
1777662472505 0.0018218000000000002 9
1777662477355 0.001802 10
1777662482345 0.0017822 11
1777662487233 0.0017624 12
1777662492570 0.0017426 13
1777662497479 0.0017228 14
1777662502343 0.001703 15
1777662507437 0.0016832000000000001 16
1777662512289 0.0016634 17
1777662517224 0.0016436000000000003 18
1777662522503 0.0016238000000000001 19
1777662527582 0.0016040000000000002 20
1777662532684 0.0015842 21
1777662537601 0.0015644 22
1777662542761 0.0015446 23
1777662547867 0.0015248 24
1777662552755 0.0015049999999999998 25
1777662557641 0.0014852 26
1777662562503 0.0014654000000000002 27
1777662567601 0.0014456 28
1777662572688 0.0014258 29
1777662578003 0.001406 30
1777662582888 0.0013862 31
1777662587966 0.0013663999999999998 32
1777662592888 0.0013465999999999999 33
1777662597762 0.0013267999999999997 34
1777662602679 0.001307 35
1777662607828 0.0012872 36
1777662613023 0.0012674000000000001 37
1777662617911 0.0012476 38
1777662622800 0.0012278 39
1777662627835 0.001208 40
1777662632753 0.0011882000000000002 41
1777662637850 0.0011684000000000002 42
1777662642953 0.0011486 43
1777662647889 0.0011288000000000001 44
1777662652816 0.001109 45
1777662657718 0.0010892000000000002 46
1777662663039 0.0010694 47
1777662667946 0.0010496000000000001 48
1777662672872 0.0010298 49
1777662677761 0.00101 50
1777662682668 0.0009901999999999999 51
1777662687788 0.0009704 52
1777662692686 0.0009506 53
1777662697619 0.0009308 54
1777662702544 0.0009109999999999999 55
1777662707674 0.0008911999999999999 56
1777662712702 0.0008714 57
1777662717638 0.0008516000000000001 58
1777662722750 0.0008318000000000002 59
1777662727707 0.0008120000000000001 60
1777662732590 0.0007922000000000001 61
1777662737708 0.0007724 62
1777662742627 0.0007526000000000001 63
1777662747536 0.0007328 64
1777662752466 0.000713 65
1777662757412 0.0006931999999999999 66
1777662762324 0.0006733999999999999 67
1777662767598 0.0006536 68
1777662772511 0.0006338000000000001 69
1777662777446 0.0006140000000000001 70
1777662782394 0.0005942 71
1777662787315 0.0005744000000000001 72
1777662792401 0.0005546000000000001 73
1777662797308 0.0005348000000000001 74
1777662802213 0.000515 75
1777662807324 0.0004952 76
1777662812291 0.0004754 77
1777662817442 0.00045559999999999996 78
1777662822595 0.00043579999999999997 79
1777662827535 0.0004159999999999999 80
1777662832490 0.00039619999999999987 81
1777662837474 0.00037640000000000015 82
1777662842439 0.0003566000000000001 83
1777662847517 0.0003368000000000001 84
1777662852438 0.00031700000000000006 85
1777662857345 0.0002972 86
1777662862267 0.0002774 87
1777662867213 0.00025760000000000003 88
1777662872124 0.00023779999999999995 89
1777662885229 0.00021799999999999996 90
1777662890158 0.00019819999999999994 91
1777662895008 0.00017839999999999992 92
1777662899983 0.00015859999999999987 93
