1777662426623 1.63897 0
1777662432099 1.38227 1
1777662437170 1.36172 2
1777662442225 1.3867 3
1777662447291 1.54887 4
1777662452377 1.60855 5
1777662457252 1.55233 6
1777662462538 1.62076 7
1777662467595 1.62044 8
1777662472505 1.68103 9
1777662477355 1.60603 10
1777662482345 1.64202 11
1777662487233 1.63616 12
1777662492570 1.58735 13
1777662497479 1.63575 14
1777662502343 1.59995 15
1777662507437 1.57054 16
1777662512289 1.61364 17
1777662517224 1.61356 18
1777662522503 1.55363 19
1777662527582 1.6464 20
1777662532684 1.51825 21
1777662537601 1.57097 22
1777662542761 1.53463 23
1777662547867 1.57207 24
1777662552755 1.57314 25
1777662557641 1.51254 26
1777662562503 1.49824 27
1777662567601 1.55733 28
1777662572688 1.57427 29
1777662578003 1.4823 30
1777662582888 1.51979 31
1777662587966 1.4718 32
1777662592888 1.51403 33
1777662597762 1.5407 34
1777662602679 1.49716 35
1777662607828 1.45805 36
1777662613023 1.42405 37
1777662617911 1.43324 38
1777662622800 1.46574 39
1777662627835 1.47924 40
1777662632753 1.5042 41
1777662637850 1.49335 42
1777662642953 1.48616 43
1777662647889 1.46898 44
1777662652816 1.4376 45
1777662657718 1.46192 46
1777662663039 1.41605 47
1777662667946 1.45018 48
1777662672872 1.41149 49
1777662677761 1.44363 50
1777662682668 1.43072 51
1777662687788 1.38734 52
1777662692686 1.44852 53
1777662697619 1.38661 54
1777662702544 1.39251 55
1777662707674 1.37864 56
1777662712702 1.35978 57
1777662717638 1.39889 58
1777662722750 1.35749 59
1777662727707 1.40146 60
1777662732590 1.33492 61
1777662737708 1.34682 62
1777662742627 1.38553 63
1777662747536 1.3584 64
1777662752466 1.27034 65
1777662757412 1.34938 66
1777662762324 1.33955 67
1777662767598 1.31416 68
1777662772511 1.35435 69
1777662777446 1.29372 70
1777662782394 1.28215 71
1777662787315 1.32226 72
1777662792401 1.31788 73
1777662797308 1.27289 74
1777662802213 1.30056 75
1777662807324 1.26982 76
1777662812291 1.3479 77
1777662817442 1.30119 78
1777662822595 1.28267 79
1777662827535 1.2934 80
1777662832490 1.27819 81
1777662837474 1.25706 82
1777662842439 1.237 83
1777662847517 1.27145 84
1777662852438 1.25258 85
1777662857345 1.26965 86
1777662862267 1.18767 87
1777662867213 1.24144 88
1777662872124 1.21378 89
1777662885229 1.26367 90
1777662890158 1.32962 91
1777662895008 1.25451 92
1777662899983 1.20901 93
