1777662426623 7.8267 0
1777662432099 6.59946 1
1777662437170 5.69245 2
1777662442225 5.01957 3
1777662447291 4.58229 4
1777662452377 3.83238 5
1777662457252 3.32304 6
1777662462538 3.00323 7
1777662467595 2.74877 8
1777662472505 2.65795 9
1777662477355 2.52686 10
1777662482345 2.36312 11
1777662487233 2.38543 12
1777662492570 2.34023 13
1777662497479 2.18949 14
1777662502343 2.22024 15
1777662507437 2.14799 16
1777662512289 2.16296 17
1777662517224 2.0989 18
1777662522503 2.03757 19
1777662527582 2.01794 20
1777662532684 1.99196 21
1777662537601 2.0337 22
1777662542761 2.01377 23
1777662547867 1.91385 24
1777662552755 1.86767 25
1777662557641 1.93787 26
1777662562503 1.92427 27
1777662567601 1.78817 28
1777662572688 1.80774 29
1777662578003 1.65777 30
1777662582888 1.66496 31
1777662587966 1.65284 32
1777662592888 1.74382 33
1777662597762 1.76209 34
1777662602679 1.67236 35
1777662607828 1.57662 36
1777662613023 1.64788 37
1777662617911 1.58026 38
1777662622800 1.63055 39
1777662627835 1.61669 40
1777662632753 1.5944 41
1777662637850 1.60769 42
1777662642953 1.53532 43
1777662647889 1.52204 44
1777662652816 1.52228 45
1777662657718 1.53154 46
1777662663039 1.48932 47
1777662667946 1.53208 48
1777662672872 1.44302 49
1777662677761 1.45021 50
1777662682668 1.53725 51
1777662687788 1.46139 52
1777662692686 1.50243 53
1777662697619 1.46653 54
1777662702544 1.46275 55
1777662707674 1.44164 56
1777662712702 1.40752 57
1777662717638 1.3983 58
1777662722750 1.35938 59
1777662727707 1.39616 60
1777662732590 1.37322 61
1777662737708 1.35942 62
1777662742627 1.28154 63
1777662747536 1.41329 64
1777662752466 1.33588 65
1777662757412 1.38191 66
1777662762324 1.30584 67
1777662767598 1.27987 68
1777662772511 1.28366 69
1777662777446 1.31137 70
1777662782394 1.1875 71
1777662787315 1.28247 72
1777662792401 1.29631 73
1777662797308 1.25935 74
1777662802213 1.25145 75
1777662807324 1.19648 76
1777662812291 1.23957 77
1777662817442 1.18375 78
1777662822595 1.17304 79
1777662827535 1.19077 80
1777662832490 1.1412 81
1777662837474 1.15245 82
1777662842439 1.19145 83
1777662847517 1.16596 84
1777662852438 1.17355 85
1777662857345 1.09087 86
1777662862267 1.14597 87
1777662867213 1.11138 88
1777662872124 1.14925 89
1777662885229 1.16628 90
1777662890158 0.95645 91
1777662895008 0.97028 92
1777662899983 0.9472 93
