1777662426623 0.02916 0
1777662432099 0.02056 1
1777662437170 0.02061 2
1777662442225 0.02114 3
1777662447291 0.02328 4
1777662452377 0.02379 5
1777662457252 0.0241 6
1777662462538 0.02481 7
1777662467595 0.02474 8
1777662472505 0.02696 9
1777662477355 0.02602 10
1777662482345 0.02694 11
1777662487233 0.02616 12
1777662492570 0.02581 13
1777662497479 0.02717 14
1777662502343 0.02592 15
1777662507437 0.02613 16
1777662512289 0.02696 17
1777662517224 0.02676 18
1777662522503 0.02452 19
1777662527582 0.0259 20
1777662532684 0.02371 21
1777662537601 0.02596 22
1777662542761 0.02376 23
1777662547867 0.02502 24
1777662552755 0.02582 25
1777662557641 0.02343 26
1777662562503 0.02396 27
1777662567601 0.02417 28
1777662572688 0.02496 29
1777662578003 0.02326 30
1777662582888 0.02429 31
1777662587966 0.02339 32
1777662592888 0.02318 33
1777662597762 0.02446 34
1777662602679 0.02399 35
1777662607828 0.02293 36
1777662613023 0.02297 37
1777662617911 0.0236 38
1777662622800 0.02364 39
1777662627835 0.02287 40
1777662632753 0.02349 41
1777662637850 0.02454 42
1777662642953 0.02356 43
1777662647889 0.02326 44
1777662652816 0.02203 45
1777662657718 0.02239 46
1777662663039 0.02303 47
1777662667946 0.02355 48
1777662672872 0.02193 49
1777662677761 0.02274 50
1777662682668 0.02205 51
1777662687788 0.02112 52
1777662692686 0.02223 53
1777662697619 0.02157 54
1777662702544 0.02152 55
1777662707674 0.02061 56
1777662712702 0.02097 57
1777662717638 0.02194 58
1777662722750 0.02181 59
1777662727707 0.02179 60
1777662732590 0.02077 61
1777662737708 0.02138 62
1777662742627 0.02109 63
1777662747536 0.02285 64
1777662752466 0.01984 65
1777662757412 0.01987 66
1777662762324 0.02127 67
1777662767598 0.02084 68
1777662772511 0.0214 69
1777662777446 0.01867 70
1777662782394 0.02062 71
1777662787315 0.02024 72
1777662792401 0.02045 73
1777662797308 0.01955 74
1777662802213 0.01955 75
1777662807324 0.01883 76
1777662812291 0.02014 77
1777662817442 0.01972 78
1777662822595 0.01899 79
1777662827535 0.01914 80
1777662832490 0.01965 81
1777662837474 0.01879 82
1777662842439 0.01789 83
1777662847517 0.01822 84
1777662852438 0.01839 85
1777662857345 0.01915 86
1777662862267 0.01851 87
1777662867213 0.01888 88
1777662872124 0.01859 89
1777662885229 0.0244 90
1777662890158 0.0265 91
1777662895008 0.02405 92
1777662899983 0.02258 93
