1776972838211 0.0005200000000000001 0
1776972849186 0.001049506 1
1776972854449 0.00156832 2
1776972859651 0.0019406 3
1776972864838 0.0019207999999999999 4
1776972870038 0.0019010000000000001 5
1776972875371 0.0018812 6
1776972880519 0.0018614 7
1776972885712 0.0018416 8
1776972890852 0.0018218000000000002 9
1776972896041 0.001802 10
1776972901189 0.0017822 11
1776972906479 0.0017624 12
1776972911621 0.0017426 13
1776972916745 0.0017228 14
1776972921962 0.001703 15
1776972927101 0.0016832000000000001 16
1776972932397 0.0016634 17
1776972937520 0.0016436000000000003 18
1776972942660 0.0016238000000000001 19
1776972947795 0.0016040000000000002 20
1776972952939 0.0015842 21
1776972958060 0.0015644 22
1776972963356 0.0015446 23
1776972968557 0.0015248 24
1776972973705 0.0015049999999999998 25
1776972978833 0.0014852 26
1776972984126 0.0014654000000000002 27
1776972989230 0.0014456 28
1776972994348 0.0014258 29
1776972999444 0.001406 30
1776973004560 0.0013862 31
1776973009789 0.0013663999999999998 32
1776973014909 0.0013465999999999999 33
1776973020012 0.0013267999999999997 34
1776973025156 0.001307 35
1776973030279 0.0012872 36
1776973035434 0.0012674000000000001 37
1776973040791 0.0012476 38
1776973045940 0.0012278 39
1776973051065 0.001208 40
1776973056216 0.0011882000000000002 41
1776973061429 0.0011684000000000002 42
1776973066577 0.0011486 43
1776973071705 0.0011288000000000001 44
1776973076864 0.001109 45
1776973081996 0.0010892000000000002 46
1776973087301 0.0010694 47
1776973092500 0.0010496000000000001 48
1776973097654 0.0010298 49
1776973102785 0.00101 50
1776973107934 0.0009901999999999999 51
1776973113074 0.0009704 52
1776973118396 0.0009506 53
1776973123530 0.0009308 54
1776973128683 0.0009109999999999999 55
1776973133828 0.0008911999999999999 56
1776973139137 0.0008714 57
1776973144274 0.0008516000000000001 58
1776973149497 0.0008318000000000002 59
1776973154638 0.0008120000000000001 60
1776973159864 0.0007922000000000001 61
1776973165001 0.0007724 62
1776973170317 0.0007526000000000001 63
1776973175463 0.0007328 64
1776973180626 0.000713 65
1776973185762 0.0006931999999999999 66
1776973190918 0.0006733999999999999 67
1776973196277 0.0006536 68
1776973201434 0.0006338000000000001 69
1776973206578 0.0006140000000000001 70
1776973211805 0.0005942 71
1776973216950 0.0005744000000000001 72
1776973222263 0.0005546000000000001 73
1776973227409 0.0005348000000000001 74
1776973232635 0.000515 75
1776973237787 0.0004952 76
1776973243016 0.0004754 77
1776973248315 0.00045559999999999996 78
1776973253546 0.00043579999999999997 79
1776973258694 0.0004159999999999999 80
1776973263854 0.00039619999999999987 81
1776973269062 0.00037640000000000015 82
1776973274390 0.0003566000000000001 83
1776973279542 0.0003368000000000001 84
1776973284711 0.00031700000000000006 85
1776973289853 0.0002972 86
1776973295171 0.0002774 87
1776973300318 0.00025760000000000003 88
1776973305474 0.00023779999999999995 89
1776973315270 0.00021799999999999996 90
1776973320484 0.00019819999999999994 91
1776973325630 0.00017839999999999992 92
1776973330968 0.00015859999999999987 93
1776973336118 0.0001388000000000001 94
1776973341292 0.0001190000000000001 95
1776973346445 9.920000000000008e-05 96
