1776830726056 0.0 0
1776830731453 0.0055 1
1776830736500 0.03441 2
1776830741454 0.06879 3
1776830746271 0.01113 4
1776830751085 0.00405 5
1776830755911 0.06168 6
1776830760717 0.01723 7
1776830765529 0.01126 8
1776830770330 0.0 9
1776830775131 0.02353 10
1776830779936 0.00325 11
1776830784755 0.04529 12
1776830789558 0.00317 13
1776830794361 0.01667 14
1776830799253 0.08497 15
1776830804172 0.11115 16
1776830808979 0.00617 17
1776830813808 0.0538 18
1776830818633 0.07719 19
1776830823459 0.08103 20
1776830828272 0.04662 21
1776830833159 0.1125 22
1776830837999 0.10938 23
1776830842923 0.15534 24
1776830847741 0.08587 25
1776830852563 0.09971 26
1776830857394 0.10959 27
1776830862219 0.08069 28
1776830867036 0.10597 29
1776830871851 0.09073 30
1776830876673 0.08743 31
1776830881510 0.09835 32
1776830886342 0.14251 33
1776830891168 0.09347 34
1776830895996 0.14003 35
1776830900834 0.07918 36
1776830905670 0.1198 37
1776830910485 0.07564 38
1776830915316 0.12972 39
1776830917434 0.15526038322769437 39
