1776830726056 0.0 0
1776830731453 0.03253 1
1776830736500 0.1532 2
1776830741454 0.28802 3
1776830746271 0.04438 4
1776830751085 0.02012 5
1776830755911 0.16487 6
1776830760717 0.05614 7
1776830765529 0.02179 8
1776830770330 0.0 9
1776830775131 0.05227 10
1776830779936 0.01 11
1776830784755 0.06964 12
1776830789558 0.00643 13
1776830794361 0.03357 14
1776830799253 0.16528 15
1776830804172 0.24583 16
1776830808979 0.015 17
1776830813808 0.17805 18
1776830818633 0.18951 19
1776830823459 0.13134 20
1776830828272 0.096 21
1776830833159 0.19649 22
1776830837999 0.21249 23
1776830842923 0.30527 24
1776830847741 0.14728 25
1776830852563 0.18221 26
1776830857394 0.22913 27
1776830862219 0.11455 28
1776830867036 0.15952 29
1776830871851 0.135 30
1776830876673 0.13921 31
1776830881510 0.20811 32
1776830886342 0.2427 33
1776830891168 0.13115 34
1776830895996 0.23761 35
1776830900834 0.16552 36
1776830905670 0.28448 37
1776830910485 0.125 38
1776830915316 0.23225 39
1776830917434 0.30517935957266595 39
