1776830726056 0.0 0
1776830731453 0.14191 1
1776830736500 0.21774 2
1776830741454 0.42013 3
1776830746271 0.41463 4
1776830751085 0.26316 5
1776830755911 0.63934 6
1776830760717 0.75 7
1776830765529 0.4 8
1776830770330 0.0 9
1776830775131 0.90909 10
1776830779936 0.66667 11
1776830784755 0.92857 12
1776830789558 0.42857 13
1776830794361 0.85714 14
1776830799253 0.73913 15
1776830804172 0.76562 16
1776830808979 0.75 17
1776830813808 0.65625 18
1776830818633 0.79167 19
1776830823459 0.80645 20
1776830828272 0.86364 21
1776830833159 0.90244 22
1776830837999 0.72059 23
1776830842923 0.73494 24
1776830847741 0.9 25
1776830852563 0.825 26
1776830857394 0.81818 27
1776830862219 0.95455 28
1776830867036 0.90625 29
1776830871851 1.0 30
1776830876673 0.92857 31
1776830881510 0.85106 32
1776830886342 0.90196 33
1776830891168 0.96154 34
1776830895996 0.88 35
1776830900834 0.76087 36
1776830905670 0.775 37
1776830910485 1.0 38
1776830915316 0.8 39
1776830917434 0.7349397590361446 39
