1776830726056 0.0 0
1776830731453 0.13408 1
1776830736500 0.3743 2
1776830741454 0.3743 3
1776830746271 0.09497 4
1776830751085 0.05587 5
1776830755911 0.21788 6
1776830760717 0.06704 7
1776830765529 0.03352 8
1776830770330 0.0 9
1776830775131 0.05587 10
1776830779936 0.01117 11
1776830784755 0.07263 12
1776830789558 0.01676 13
1776830794361 0.03352 14
1776830799253 0.18994 15
1776830804172 0.27374 16
1776830808979 0.01676 17
1776830813808 0.23464 18
1776830818633 0.21229 19
1776830823459 0.13966 20
1776830828272 0.10615 21
1776830833159 0.2067 22
1776830837999 0.27374 23
1776830842923 0.34078 24
1776830847741 0.15084 25
1776830852563 0.18436 26
1776830857394 0.2514 27
1776830862219 0.11732 28
1776830867036 0.16201 29
1776830871851 0.13966 30
1776830876673 0.14525 31
1776830881510 0.22346 32
1776830886342 0.25698 33
1776830891168 0.13966 34
1776830895996 0.24581 35
1776830900834 0.19553 36
1776830905670 0.34637 37
1776830910485 0.12849 38
1776830915316 0.26816 39
1776830917434 0.3407821229050279 39
