1776982678630 0.0 0
1776982684166 0.0 1
1776982689326 0.0 2
1776982694504 0.0 3
1776982699682 0.0 4
1776982704945 0.0 5
1776982710261 0.01525 6
1776982715452 0.04037 7
1776982720616 0.02214 8
1776982725731 0.04241 9
1776982730813 0.005 10
1776982736061 0.0 11
1776982741146 0.0 12
1776982746241 0.025 13
1776982751438 0.08957 14
1776982756565 0.025 15
1776982761672 0.03357 16
1776982767007 0.10011 17
1776982772111 0.03 18
1776982777236 0.115 19
1776982782344 0.105 20
1776982787474 0.02227 21
1776982792798 0.16686 22
1776982797997 0.17555 23
1776982803109 0.05227 24
1776982808226 0.10133 25
1776982813343 0.19785 26
1776982818628 0.12803 27
1776982823739 0.14165 28
1776982828933 0.19707 29
1776982834040 0.095 30
1776982839166 0.06875 31
1776982844434 0.15499 32
1776982849641 0.26539 33
1776982854756 0.12967 34
1776982859895 0.14337 35
1776982865017 0.17032 36
1776982870306 0.22679 37
1776982875425 0.19541 38
1776982880565 0.12026 39
1776982885685 0.19381 40
1776982890822 0.08209 41
1776982896085 0.20147 42
1776982901293 0.29355 43
1776982906478 0.30298 44
1776982911628 0.20457 45
1776982916756 0.26416 46
1776982922067 0.3368 47
1776982927184 0.20342 48
1776982932332 0.28248 49
1776982937446 0.20235 50
1776982942589 0.27149 51
1776982947926 0.2926 52
1776982953072 0.292 53
1776982958200 0.30198 54
1776982963360 0.31029 55
1776982968477 0.23951 56
1776982973619 0.175 57
1776982978891 0.21808 58
1776982984036 0.29957 59
1776982989152 0.22209 60
1776982994296 0.24796 61
1776982999416 0.22093 62
1776983004717 0.2839 63
1776983009842 0.22797 64
1776983014990 0.23619 65
1776983020114 0.2599 66
1776983025264 0.31139 67
1776983027297 0.29224981876812195 67
