1776982678630 0.0 0
1776982684166 0.0 1
1776982689326 0.0 2
1776982694504 0.0 3
1776982699682 0.0 4
1776982704945 0.0 5
1776982710261 0.00817 6
1776982715452 0.0094 7
1776982720616 0.01354 8
1776982725731 0.01094 9
1776982730813 0.001 10
1776982736061 0.0 11
1776982741146 0.0 12
1776982746241 0.0109 13
1776982751438 0.0401 14
1776982756565 0.01667 15
1776982761672 0.01376 16
1776982767007 0.06024 17
1776982772111 0.01288 18
1776982777236 0.05865 19
1776982782344 0.05163 20
1776982787474 0.01125 21
1776982792798 0.08564 22
1776982797997 0.08762 23
1776982803109 0.01919 24
1776982808226 0.04067 25
1776982813343 0.08525 26
1776982818628 0.06176 27
1776982823739 0.05997 28
1776982828933 0.09911 29
1776982834040 0.05111 30
1776982839166 0.03202 31
1776982844434 0.06948 32
1776982849641 0.12491 33
1776982854756 0.06288 34
1776982859895 0.07123 35
1776982865017 0.0798 36
1776982870306 0.11236 37
1776982875425 0.09806 38
1776982880565 0.04702 39
1776982885685 0.10252 40
1776982890822 0.03436 41
1776982896085 0.10217 42
1776982901293 0.13363 43
1776982906478 0.15003 44
1776982911628 0.10639 45
1776982916756 0.13702 46
1776982922067 0.14838 47
1776982927184 0.10836 48
1776982932332 0.13271 49
1776982937446 0.11044 50
1776982942589 0.12063 51
1776982947926 0.16367 52
1776982953072 0.16312 53
1776982958200 0.15072 54
1776982963360 0.13077 55
1776982968477 0.12384 56
1776982973619 0.098 57
1776982978891 0.12017 58
1776982984036 0.1511 59
1776982989152 0.12972 60
1776982994296 0.12553 61
1776982999416 0.11004 62
1776983004717 0.1366 63
1776983009842 0.12803 64
1776983014990 0.13411 65
1776983020114 0.12217 66
1776983025264 0.15127 67
1776983027297 0.163375473783273 67
