1776982678630 0.0 0
1776982684166 0.0 1
1776982689326 0.0 2
1776982694504 0.0 3
1776982699682 0.0 4
1776982704945 0.0 5
1776982710261 0.36364 6
1776982715452 0.47368 7
1776982720616 0.71429 8
1776982725731 0.41935 9
1776982730813 1.0 10
1776982736061 0.0 11
1776982741146 0.0 12
1776982746241 1.0 13
1776982751438 0.80952 14
1776982756565 0.66667 15
1776982761672 0.85714 16
1776982767007 0.9 17
1776982772111 0.7 18
1776982777236 1.0 19
1776982782344 1.0 20
1776982787474 0.58333 21
1776982792798 0.88571 22
1776982797997 0.80488 23
1776982803109 0.90909 24
1776982808226 0.82609 25
1776982813343 0.73214 26
1776982818628 0.92308 27
1776982823739 0.77143 28
1776982828933 0.73214 29
1776982834040 1.0 30
1776982839166 0.82353 31
1776982844434 0.7561 32
1776982849641 0.74286 33
1776982854756 0.89286 34
1776982859895 0.8 35
1776982865017 0.77273 36
1776982870306 0.80769 37
1776982875425 0.90244 38
1776982880565 0.88 39
1776982885685 0.73585 40
1776982890822 0.73913 41
1776982896085 0.79167 42
1776982901293 0.78873 43
1776982906478 0.78667 44
1776982911628 0.71667 45
1776982916756 0.80952 46
1776982922067 0.78313 47
1776982927184 0.88095 48
1776982932332 0.78873 49
1776982937446 0.87805 50
1776982942589 0.86441 51
1776982947926 0.78261 52
1776982953072 0.83333 53
1776982958200 0.88889 54
1776982963360 0.81333 55
1776982968477 0.85185 56
1776982973619 1.0 57
1776982978891 0.90909 58
1776982984036 0.84848 59
1776982989152 0.84 60
1776982994296 0.82456 61
1776982999416 0.86957 62
1776983004717 0.74667 63
1776983009842 0.83019 64
1776983014990 0.84615 65
1776983020114 0.85 66
1776983025264 0.90625 67
1776983027297 0.782608695652174 67
