1776982678630 0.0 0
1776982684166 0.0 1
1776982689326 0.0 2
1776982694504 0.0 3
1776982699682 0.0 4
1776982704945 0.0 5
1776982710261 0.02235 6
1776982715452 0.05028 7
1776982720616 0.02793 8
1776982725731 0.07263 9
1776982730813 0.00559 10
1776982736061 0.0 11
1776982741146 0.0 12
1776982746241 0.02793 13
1776982751438 0.09497 14
1776982756565 0.02235 15
1776982761672 0.03352 16
1776982767007 0.10056 17
1776982772111 0.03911 18
1776982777236 0.11173 19
1776982782344 0.10056 20
1776982787474 0.03911 21
1776982792798 0.17318 22
1776982797997 0.18436 23
1776982803109 0.05587 24
1776982808226 0.10615 25
1776982813343 0.22905 26
1776982818628 0.13408 27
1776982823739 0.15084 28
1776982828933 0.22905 29
1776982834040 0.09497 30
1776982839166 0.07821 31
1776982844434 0.17318 32
1776982849641 0.2905 33
1776982854756 0.13966 34
1776982859895 0.15642 35
1776982865017 0.18994 36
1776982870306 0.23464 37
1776982875425 0.2067 38
1776982880565 0.12291 39
1776982885685 0.21788 40
1776982890822 0.09497 41
1776982896085 0.21229 42
1776982901293 0.31285 43
1776982906478 0.32961 44
1776982911628 0.24022 45
1776982916756 0.28492 46
1776982922067 0.36313 47
1776982927184 0.2067 48
1776982932332 0.31285 49
1776982937446 0.20112 50
1776982942589 0.28492 51
1776982947926 0.30168 52
1776982953072 0.30726 53
1776982958200 0.31285 54
1776982963360 0.34078 55
1776982968477 0.25698 56
1776982973619 0.17877 57
1776982978891 0.22346 58
1776982984036 0.31285 59
1776982989152 0.23464 60
1776982994296 0.26257 61
1776982999416 0.22346 62
1776983004717 0.31285 63
1776983009842 0.24581 64
1776983014990 0.24581 65
1776983020114 0.28492 66
1776983025264 0.32402 67
1776983027297 0.3016759776536313 67
