1776830723338 0.0006540880503144654 0
1776830730487 0.001307679245283019 1
1776830735818 0.0019480704402515725 2
1776830740842 0.0019406 3
1776830745803 0.0019207999999999999 4
1776830750613 0.0019010000000000001 5
1776830755428 0.0018812 6
1776830760251 0.0018614 7
1776830765069 0.0018416 8
1776830769877 0.0018218000000000002 9
1776830774670 0.001802 10
1776830779471 0.0017822 11
1776830784292 0.0017624 12
1776830789098 0.0017426 13
1776830793904 0.0017228 14
1776830798705 0.001703 15
1776830803618 0.0016832000000000001 16
1776830808520 0.0016634 17
1776830813323 0.0016436000000000003 18
1776830818152 0.0016238000000000001 19
1776830822988 0.0016040000000000002 20
1776830827805 0.0015842 21
1776830832618 0.0015644 22
1776830837510 0.0015446 23
1776830842355 0.0015248 24
1776830847269 0.0015049999999999998 25
1776830852087 0.0014852 26
1776830856911 0.0014654000000000002 27
1776830861747 0.0014456 28
1776830866564 0.0014258 29
1776830871379 0.001406 30
1776830876200 0.0013862 31
1776830881031 0.0013663999999999998 32
1776830885857 0.0013465999999999999 33
1776830890688 0.0013267999999999997 34
1776830895515 0.001307 35
1776830900354 0.0012872 36
1776830905179 0.0012674000000000001 37
1776830910015 0.0012476 38
1776830914830 0.0012278 39
